DATE;TIME;FCS0025_SP.PV
10/31/2017;00:00:00;62.1710955782136
10/31/2017;01:00:00;62.3710758071378
10/31/2017;02:00:00;62.3792086227116
10/31/2017;03:00:00;62.3752112480433
10/31/2017;04:00:00;62.3755818067026
10/31/2017;05:00:00;62.3777274934828
10/31/2017;06:00:00;62.3759358008577
10/31/2017;07:00:00;62.3741336874719
10/31/2017;08:00:00;62.3782535660778
10/31/2017;09:00:00;62.3722568659764
10/31/2017;10:00:00;62.3768036446995
10/31/2017;11:00:00;62.3776498977214
10/31/2017;12:00:00;62.3766729372855
10/31/2017;13:00:00;62.3699285688925
10/31/2017;14:00:00;62.3805337655895
10/31/2017;15:00:00;62.3759928872255
10/31/2017;16:00:00;62.3776535586595
10/31/2017;17:00:00;62.382055456353
10/31/2017;18:00:00;62.3731641394592
10/31/2017;19:00:00;62.3727534032703
10/31/2017;20:00:00;62.378319364918
10/31/2017;21:00:00;62.3742907741792
10/31/2017;22:00:00;62.3789152794211
10/31/2017;23:00:00;62.3752172059891
11/01/2017;00:00:00;62.3763013438785
11/01/2017;01:00:00;62.3722204761242
11/01/2017;02:00:00;62.3812853520008
11/01/2017;03:00:00;62.373700468472
11/01/2017;04:00:00;62.3772860789082
11/01/2017;05:00:00;62.3768232668604
11/01/2017;06:00:00;62.3740925073209
11/01/2017;07:00:00;62.3765951141343
11/01/2017;08:00:00;62.3753901246252
11/01/2017;09:00:00;62.3776286625872
11/01/2017;10:00:00;62.3809748872696
11/01/2017;11:00:00;62.3725214369818
11/01/2017;12:00:00;62.3762284689402
11/01/2017;13:00:00;62.3742822268688
11/01/2017;14:00:00;62.3745529094164
11/01/2017;15:00:00;62.3782986598706
11/01/2017;16:00:00;62.3788828021697
11/01/2017;17:00:00;62.3770348473164
11/01/2017;18:00:00;62.3747125579693
11/01/2017;19:00:00;62.3738270427755
11/01/2017;20:00:00;62.381762764748
11/01/2017;21:00:00;62.3724471262458
11/01/2017;22:00:00;62.3729661538317
11/01/2017;23:00:00;62.3794980426897
11/02/2017;00:00:00;62.3773392839828
11/02/2017;01:00:00;62.3722907639476
11/02/2017;02:00:00;62.3760411496771
11/02/2017;03:00:00;62.375563267583
11/02/2017;04:00:00;62.3685854144264
11/02/2017;05:00:00;62.3876545495326
11/02/2017;06:00:00;62.3750761245749
11/02/2017;07:00:00;62.3718302552473
11/02/2017;08:00:00;62.3787337852907
11/02/2017;09:00:00;62.3763739511622
11/02/2017;10:00:00;62.3762016328333
11/02/2017;11:00:00;62.3710795120518
11/02/2017;12:00:00;62.3799351139389
11/02/2017;13:00:00;62.3735669510295
11/02/2017;14:00:00;62.3795488711983
11/02/2017;15:00:00;62.3769936239804
11/02/2017;16:00:00;62.3726976405272
11/02/2017;17:00:00;62.3746065676454
11/02/2017;18:00:00;62.3778886967234
11/02/2017;19:00:00;62.374178307423
11/02/2017;20:00:00;62.375584808946
11/02/2017;21:00:00;62.3803146944654
11/02/2017;22:00:00;62.3746237041705
11/02/2017;23:00:00;62.3756935624731
11/03/2017;00:00:00;62.3754757603843
11/03/2017;01:00:00;62.3756197163296
11/03/2017;02:00:00;62.3783775936813
11/03/2017;03:00:00;62.3758500415509
11/03/2017;04:00:00;62.3665699194431
11/03/2017;05:00:00;62.3838922324431
11/03/2017;06:00:00;62.3722889533842
11/03/2017;07:00:00;62.3768604204844
11/03/2017;08:00:00;62.3769436311462
11/03/2017;09:00:00;62.3714318181947
11/03/2017;10:00:00;62.3807594957892
11/03/2017;11:00:00;62.3726110638255
11/03/2017;12:00:00;62.3749520260484
11/03/2017;13:00:00;62.375923813115
11/03/2017;14:00:00;62.3774970890361
11/03/2017;15:00:00;62.3749277282433
11/03/2017;16:00:00;62.3755636404075
11/03/2017;17:00:00;62.3768588011674
11/03/2017;18:00:00;62.3760873536212
11/03/2017;19:00:00;62.3755361787638
11/03/2017;20:00:00;62.3783378551856
11/03/2017;21:00:00;62.3774791025562
11/03/2017;22:00:00;62.3678883702275
11/03/2017;23:00:00;62.3790186537689
11/04/2017;00:00:00;62.3763213083931
11/04/2017;01:00:00;62.3789329276059
11/04/2017;02:00:00;62.3728459172807
11/04/2017;03:00:00;62.375536346046
11/04/2017;04:00:00;62.3743915323731
11/04/2017;05:00:00;62.3763038372495
11/04/2017;06:00:00;62.3730544150002
11/04/2017;07:00:00;62.379231842782
11/04/2017;08:00:00;62.3749330296896
11/04/2017;09:00:00;62.3755727038978
11/04/2017;10:00:00;62.3792300764472
11/04/2017;11:00:00;62.3763118563627
11/04/2017;12:00:00;62.3752237977233
11/04/2017;13:00:00;62.3692083191484
11/04/2017;14:00:00;62.3798006170309
11/04/2017;15:00:00;62.3826039382599
11/04/2017;16:00:00;62.3723334518775
11/04/2017;17:00:00;62.3750628449055
11/04/2017;18:00:00;62.3716239864677
11/04/2017;19:00:00;62.384321877589
11/04/2017;20:00:00;62.3744125713472
11/04/2017;21:00:00;62.3725274048112
11/04/2017;22:00:00;62.3796890418107
11/04/2017;23:00:00;62.3723072928296
11/05/2017;00:00:00;62.5244173534162
11/05/2017;01:00:00;62.6204463000112
11/05/2017;02:00:00;62.6242981551657
11/05/2017;03:00:00;62.6263774479718
11/05/2017;04:00:00;62.6251959051141
11/05/2017;05:00:00;62.6211154288004
11/05/2017;06:00:00;62.619692238677
11/05/2017;07:00:00;62.6242079321785
11/05/2017;08:00:00;62.6213414859422
11/05/2017;09:00:00;62.6235811276461
11/05/2017;10:00:00;62.6223024209552
11/05/2017;11:00:00;62.6262117865481
11/05/2017;12:00:00;62.6226707723248
11/05/2017;13:00:00;62.6200759428155
11/05/2017;14:00:00;62.6243598456155
11/05/2017;15:00:00;62.6269751348684
11/05/2017;16:00:00;62.6245840501295
11/05/2017;17:00:00;62.6200427550538
11/05/2017;18:00:00;62.6235095156109
11/05/2017;19:00:00;62.6222265567021
11/05/2017;20:00:00;62.6304949153125
11/05/2017;21:00:00;62.6188487435235
11/05/2017;22:00:00;62.6203317115795
11/05/2017;23:00:00;62.6258504786626
11/06/2017;00:00:00;62.6211270323578
11/06/2017;01:00:00;62.6246380839653
11/06/2017;02:00:00;62.6153677219158
11/06/2017;03:00:00;62.6288977466589
11/06/2017;04:00:00;62.624495051649
11/06/2017;05:00:00;62.6206218852495
11/06/2017;06:00:00;62.6215536056233
11/06/2017;07:00:00;62.6243027140303
11/06/2017;08:00:00;62.6263009969377
11/06/2017;09:00:00;62.6206882473643
11/06/2017;10:00:00;62.6265007815448
11/06/2017;11:00:00;62.6263517286558
11/06/2017;12:00:00;62.6310250680015
11/06/2017;13:00:00;62.632622522204
11/06/2017;14:00:00;62.9669453293958
11/06/2017;15:00:00;63.6062904451821
11/06/2017;16:00:00;63.6066068011728
11/06/2017;17:00:00;63.6113766029955
11/06/2017;18:00:00;63.6120535697679
11/06/2017;19:00:00;63.6096714252124
11/06/2017;20:00:00;63.6080537327924
11/06/2017;21:00:00;63.6110844310638
11/06/2017;22:00:00;63.6132880331345
11/06/2017;23:00:00;63.6095601731824
11/07/2017;00:00:00;63.6149261811335
11/07/2017;01:00:00;63.6095880727495
11/07/2017;02:00:00;63.611145457066
11/07/2017;03:00:00;63.609017645222
11/07/2017;04:00:00;63.6126027317172
11/07/2017;05:00:00;63.6109803559633
11/07/2017;06:00:00;63.6120168291225
11/07/2017;07:00:00;63.6122035162531
11/07/2017;08:00:00;63.6110175810731
11/07/2017;09:00:00;63.6114658576788
11/07/2017;10:00:00;63.6139825417798
11/07/2017;11:00:00;63.6120175935445
11/07/2017;12:00:00;63.6073132682174
11/07/2017;13:00:00;63.6136041735321
11/07/2017;14:00:00;63.6119388847211
11/07/2017;15:00:00;63.6089348080337
11/07/2017;16:00:00;63.6129905790919
11/07/2017;17:00:00;63.6125625805187
11/07/2017;18:00:00;63.6047036155141
11/07/2017;19:00:00;63.6126533570729
11/07/2017;20:00:00;63.6157815586518
11/07/2017;21:00:00;63.6072690511117
11/07/2017;22:00:00;63.6105095723472
11/07/2017;23:00:00;63.6120020696976
11/08/2017;00:00:00;63.615818841942
11/08/2017;01:00:00;63.6077620176756
11/08/2017;02:00:00;63.6116350880594
11/08/2017;03:00:00;63.6108600089339
11/08/2017;04:00:00;63.6037028677084
11/08/2017;05:00:00;63.6200951461983
11/08/2017;06:00:00;63.6131947376351
11/08/2017;07:00:00;63.6078936939712
11/08/2017;08:00:00;63.6114133242696
11/08/2017;09:00:00;63.6176105616788
11/08/2017;10:00:00;63.6067330918573
11/08/2017;11:00:00;63.607366934346
11/08/2017;12:00:00;63.6170563141806
11/08/2017;13:00:00;63.6062897794468
11/08/2017;14:00:00;63.6113206685399
11/08/2017;15:00:00;63.6127157841878
11/08/2017;16:00:00;63.6060957988039
11/08/2017;17:00:00;63.6183466073606
11/08/2017;18:00:00;63.615665524772
11/08/2017;19:00:00;63.6045534307174
11/08/2017;20:00:00;63.6100494483053
11/08/2017;21:00:00;63.611829642166
11/08/2017;22:00:00;63.6125938670149
11/08/2017;23:00:00;63.6094615337502
11/09/2017;00:00:00;63.6129355899566
11/09/2017;01:00:00;63.6111308120939
11/09/2017;02:00:00;63.6085674376294
11/09/2017;03:00:00;63.6139707777753
11/09/2017;04:00:00;63.6079657114938
11/09/2017;05:00:00;63.6153836982555
11/09/2017;06:00:00;63.6119732049348
11/09/2017;07:00:00;63.598377585345
11/09/2017;08:00:00;63.6204877548076
11/09/2017;09:00:00;63.6063465062957
11/09/2017;10:00:00;63.6154161096523
11/09/2017;11:00:00;63.6156855716454
11/09/2017;12:00:00;63.6043817604072
11/09/2017;13:00:00;63.6200285434526
11/09/2017;14:00:00;63.6072315620221
11/09/2017;15:00:00;63.6114894715868
11/09/2017;16:00:00;63.6167374458627
11/09/2017;17:00:00;63.6025703840043
11/09/2017;18:00:00;63.6152130197088
11/09/2017;19:00:00;63.6071650314113
11/09/2017;20:00:00;63.6233064160882
11/09/2017;21:00:00;63.6060279784105
11/09/2017;22:00:00;63.6158015353475
11/09/2017;23:00:00;63.6071385866533
11/10/2017;00:00:00;63.6048804787144
11/10/2017;01:00:00;63.6153620649918
11/10/2017;02:00:00;63.6111867496178
11/10/2017;03:00:00;63.6063476433446
11/10/2017;04:00:00;63.6153628434797
11/10/2017;05:00:00;63.6154050210854
11/10/2017;06:00:00;63.6009825322447
11/10/2017;07:00:00;63.6233805944729
11/10/2017;08:00:00;63.6118331662491
11/10/2017;09:00:00;63.6056359720422
11/10/2017;10:00:00;63.6152588847852
11/10/2017;11:00:00;63.6092456363904
11/10/2017;12:00:00;63.617902744642
11/10/2017;13:00:00;63.605106232502
11/10/2017;14:00:00;63.6131300139582
11/10/2017;15:00:00;63.6064823515912
11/10/2017;16:00:00;63.6116603743202
11/10/2017;17:00:00;63.6088350171042
11/10/2017;18:00:00;63.613497750603
11/10/2017;19:00:00;63.6079163797672
11/10/2017;20:00:00;63.6142410597592
11/10/2017;21:00:00;63.6120271146378
11/10/2017;22:00:00;63.6152936407208
11/10/2017;23:00:00;63.6098616343544
11/11/2017;00:00:00;63.6093396367796
11/11/2017;01:00:00;63.6122074311815
11/11/2017;02:00:00;63.6125888311482
11/11/2017;03:00:00;63.6134435156694
11/11/2017;04:00:00;63.6048162839513
11/11/2017;05:00:00;63.6061610480863
11/11/2017;06:00:00;63.6161388053649
11/11/2017;07:00:00;63.6128492609127
11/11/2017;08:00:00;63.6195895246748
11/11/2017;09:00:00;63.6049491942957
11/11/2017;10:00:00;63.6120818876167
11/11/2017;11:00:00;63.6121366822928
11/11/2017;12:00:00;63.6129787939677
11/11/2017;13:00:00;63.6113672445764
11/11/2017;14:00:00;63.6092176812762
11/11/2017;15:00:00;63.6189417124316
11/11/2017;16:00:00;63.5981551830078
11/11/2017;17:00:00;63.5889821309754
11/11/2017;18:00:00;63.635077736182
11/11/2017;19:00:00;63.6133319728818
11/11/2017;20:00:00;63.6141099790497
11/11/2017;21:00:00;63.6097779152937
11/11/2017;22:00:00;63.6151077134954
11/11/2017;23:00:00;63.616445294959
11/12/2017;00:00:00;63.6029970536818
11/12/2017;01:00:00;63.6125312377199
11/12/2017;02:00:00;63.6078052438967
11/12/2017;03:00:00;63.6130151800385
11/12/2017;04:00:00;63.6078061990535
11/12/2017;05:00:00;63.6156376198253
11/12/2017;06:00:00;63.6136040477533
11/12/2017;07:00:00;63.6073476222458
11/12/2017;08:00:00;63.6116821486033
11/12/2017;09:00:00;63.6053200453665
11/12/2017;10:00:00;63.6193602716275
11/12/2017;11:00:00;63.6099938391773
11/12/2017;12:00:00;63.6065400409208
11/12/2017;13:00:00;63.6103242314513
11/12/2017;14:00:00;63.6106473455444
11/12/2017;15:00:00;63.6110363253279
11/12/2017;16:00:00;63.6126439790239
11/12/2017;17:00:00;63.6099117178939
11/12/2017;18:00:00;63.608529553424
11/12/2017;19:00:00;63.6182660202491
11/12/2017;20:00:00;63.611141419446
11/12/2017;21:00:00;63.6100572483515
11/12/2017;22:00:00;63.6137673598487
11/12/2017;23:00:00;63.6047384693396
11/13/2017;00:00:00;63.75268209278
11/13/2017;01:00:00;63.8574891742311
11/13/2017;02:00:00;63.8561123631166
11/13/2017;03:00:00;63.8600714254047
11/13/2017;04:00:00;63.8576004526995
11/13/2017;05:00:00;63.8577213845528
11/13/2017;06:00:00;63.856688990331
11/13/2017;07:00:00;63.8620398735589
11/13/2017;08:00:00;63.8573197562857
11/13/2017;09:00:00;63.8582738237652
11/13/2017;10:00:00;63.8580369403331
11/13/2017;11:00:00;63.8595433117712
11/13/2017;12:00:00;63.8595322850027
11/13/2017;13:00:00;63.8579475317152
11/13/2017;14:00:00;63.8560428206797
11/13/2017;15:00:00;63.8600480389342
11/13/2017;16:00:00;63.8583870452584
11/13/2017;17:00:00;63.8565578105533
11/13/2017;18:00:00;63.8603524432931
11/13/2017;19:00:00;63.854383548997
11/13/2017;20:00:00;63.860550704171
11/13/2017;21:00:00;63.8583962481043
11/13/2017;22:00:00;63.862791860973
11/13/2017;23:00:00;63.856152151571
11/14/2017;00:00:00;63.8573203337637
11/14/2017;01:00:00;63.8579264040563
11/14/2017;02:00:00;63.8562132443079
11/14/2017;03:00:00;63.8628220222108
11/14/2017;04:00:00;63.8527624550051
11/14/2017;05:00:00;63.8614612704094
11/14/2017;06:00:00;63.8622986705507
11/14/2017;07:00:00;63.8570726873729
11/14/2017;08:00:00;63.8570949250921
11/14/2017;09:00:00;63.8567825410003
11/14/2017;10:00:00;63.8527649706562
11/14/2017;11:00:00;63.8606118230309
11/14/2017;12:00:00;63.8599915981023
11/14/2017;13:00:00;63.858634620316
11/14/2017;14:00:00;63.8576585000869
11/14/2017;15:00:00;63.8529769974893
11/14/2017;16:00:00;63.8650273090004
11/14/2017;17:00:00;63.8637700345788
11/14/2017;18:00:00;63.8571161650501
11/14/2017;19:00:00;63.8552692858141
11/14/2017;20:00:00;63.8580183397194
11/14/2017;21:00:00;63.8534378854382
11/14/2017;22:00:00;63.8662884185285
11/14/2017;23:00:00;63.8556048356693
11/15/2017;00:00:00;63.8612196565567
11/15/2017;01:00:00;63.8569179882328
11/15/2017;02:00:00;63.8602365496555
11/15/2017;03:00:00;63.8539696713155
11/15/2017;04:00:00;63.8567745669574
11/15/2017;05:00:00;63.8598735221735
11/15/2017;06:00:00;63.8595661509638
11/15/2017;07:00:00;63.8601626826024
11/15/2017;08:00:00;63.8558655910633
11/15/2017;09:00:00;63.8570743504844
11/15/2017;10:00:00;63.8556030360935
11/15/2017;11:00:00;63.861114692101
11/15/2017;12:00:00;63.857846711409
11/15/2017;13:00:00;63.8549227239496
11/15/2017;14:00:00;63.8541456583402
11/15/2017;15:00:00;63.8442250740518
11/15/2017;16:00:00;63.0363157494326
11/15/2017;17:00:00;61.8710141499378
11/15/2017;18:00:00;61.7565210382289
11/15/2017;19:00:00;61.760316817821
11/15/2017;20:00:00;61.7490432581022
11/15/2017;21:00:00;61.7650424128439
11/15/2017;22:00:00;61.7608746820347
11/15/2017;23:00:00;61.7513851080378
11/16/2017;00:00:00;61.7563863671551
11/16/2017;01:00:00;61.7627015536021
11/16/2017;02:00:00;61.7560921914858
11/16/2017;03:00:00;61.7577316173817
11/16/2017;04:00:00;61.7619624882649
11/16/2017;05:00:00;61.7530063807996
11/16/2017;06:00:00;61.7567813524463
11/16/2017;07:00:00;61.758275629809
11/16/2017;08:00:00;61.7554256963416
11/16/2017;09:00:00;61.7613023453583
11/16/2017;10:00:00;61.7543486745922
11/16/2017;11:00:00;61.7574305617157
11/16/2017;12:00:00;61.7612193497735
11/16/2017;13:00:00;61.7579024572161
11/16/2017;14:00:00;61.7590676996614
11/16/2017;15:00:00;61.7558513102144
11/16/2017;16:00:00;61.7603761029524
11/16/2017;17:00:00;61.7578730981799
11/16/2017;18:00:00;61.7604265287367
11/16/2017;19:00:00;61.7602767399149
11/16/2017;20:00:00;61.7558386456972
11/16/2017;21:00:00;61.759196606555
11/16/2017;22:00:00;61.754355152165
11/16/2017;23:00:00;61.7626163567527
11/17/2017;00:00:00;61.7585555717057
11/17/2017;01:00:00;61.7587272284915
11/17/2017;02:00:00;61.7587066444556
11/17/2017;03:00:00;61.7617382605785
11/17/2017;04:00:00;61.7569112766057
11/17/2017;05:00:00;61.7628011722743
11/17/2017;06:00:00;61.7589185048506
11/17/2017;07:00:00;61.7558024882816
11/17/2017;08:00:00;61.7575024442844
11/17/2017;09:00:00;61.7608304045362
11/17/2017;10:00:00;61.7567064201404
11/17/2017;11:00:00;61.7661671805903
11/17/2017;12:00:00;61.7495107951074
11/17/2017;13:00:00;61.7612969044303
11/17/2017;14:00:00;61.7577440041981
11/17/2017;15:00:00;61.7564810329095
11/17/2017;16:00:00;61.7593918282526
11/17/2017;17:00:00;61.7578764462838
11/17/2017;18:00:00;61.7602510307599
11/17/2017;19:00:00;61.7576086759186
11/17/2017;20:00:00;61.7585313676769
11/17/2017;21:00:00;61.7576450185844
11/17/2017;22:00:00;61.7617591260718
11/17/2017;23:00:00;61.7622023064472
11/18/2017;00:00:00;61.7528325849245
11/18/2017;01:00:00;61.7600309544156
11/18/2017;02:00:00;61.7598825142795
11/18/2017;03:00:00;61.756524676202
11/18/2017;04:00:00;61.7603875463894
11/18/2017;05:00:00;61.7613661053878
11/18/2017;06:00:00;61.7532098986342
11/18/2017;07:00:00;61.755943623573
11/18/2017;08:00:00;61.7579911727839
11/18/2017;09:00:00;61.7583148099887
11/18/2017;10:00:00;61.7579259528349
11/18/2017;11:00:00;61.7617200374201
11/18/2017;12:00:00;61.7526486287768
11/18/2017;13:00:00;61.767794103971
11/18/2017;14:00:00;61.751434383521
11/18/2017;15:00:00;61.7580793905608
11/18/2017;16:00:00;61.7620832134585
11/18/2017;17:00:00;61.7526483473797
11/18/2017;18:00:00;61.7656002922749
11/18/2017;19:00:00;61.7558828105757
11/18/2017;20:00:00;61.7632346002811
11/18/2017;21:00:00;61.7671266996436
11/18/2017;22:00:00;61.7480828324825
11/18/2017;23:00:00;61.7622341596101
11/19/2017;00:00:00;61.7574830980057
11/19/2017;01:00:00;61.7582001207687
11/19/2017;02:00:00;61.7595665783727
11/19/2017;03:00:00;61.7548662039244
11/19/2017;04:00:00;61.7586973491722
11/19/2017;05:00:00;61.7592141516584
11/19/2017;06:00:00;61.762679656535
11/19/2017;07:00:00;61.7547300391905
11/19/2017;08:00:00;61.7601070720225
11/19/2017;09:00:00;61.7565073272335
11/19/2017;10:00:00;61.7576437300902
11/19/2017;11:00:00;61.7628495931669
11/19/2017;12:00:00;61.7529696098037
11/19/2017;13:00:00;61.7543648215056
11/19/2017;14:00:00;61.7671487798279
11/19/2017;15:00:00;61.7541202127948
11/19/2017;16:00:00;61.7637201740742
11/19/2017;17:00:00;61.7516507180724
11/19/2017;18:00:00;61.7587904370146
11/19/2017;19:00:00;61.7559282899053
11/19/2017;20:00:00;61.7784274231373
11/19/2017;21:00:00;61.7381063004995
11/19/2017;22:00:00;61.7705619842875
11/19/2017;23:00:00;61.7501503219248
11/20/2017;00:00:00;61.7584631240249
11/20/2017;01:00:00;61.7615035637249
11/20/2017;02:00:00;61.7625775852977
11/20/2017;03:00:00;61.7575832099741
11/20/2017;04:00:00;61.9132856267858
11/20/2017;05:00:00;62.0114872110538
11/20/2017;06:00:00;62.0029570083634
11/20/2017;07:00:00;62.0099188215321
11/20/2017;08:00:00;62.0019618993733
11/20/2017;09:00:00;62.3783142936076
11/20/2017;10:00:00;62.378578549758
11/20/2017;11:00:00;62.3733411409519
11/20/2017;12:00:00;62.3795006091271
11/20/2017;13:00:00;62.5654883799671
11/20/2017;14:00:00;62.6250270054784
11/20/2017;15:00:00;62.6224396239775
11/20/2017;16:00:00;62.6229702010422
11/20/2017;17:00:00;62.6199514060518
11/20/2017;18:00:00;62.6256680300159
11/20/2017;19:00:00;62.6202385780932
11/20/2017;20:00:00;62.6235553838902
11/20/2017;21:00:00;62.6203980308861
11/20/2017;22:00:00;62.6242593904358
11/20/2017;23:00:00;62.6249028034884
11/21/2017;00:00:00;62.6867280923048
11/21/2017;01:00:00;62.9936535000268
11/21/2017;02:00:00;62.9978825442557
11/21/2017;03:00:00;62.9882570715864
11/21/2017;04:00:00;62.9932608371051
11/21/2017;05:00:00;62.9971840864685
11/21/2017;06:00:00;62.992147813177
11/21/2017;07:00:00;62.9929381257907
11/21/2017;08:00:00;63.0022229544816
11/21/2017;09:00:00;62.9792431390618
11/21/2017;10:00:00;63.0024009429977
11/21/2017;11:00:00;62.9935054740403
11/21/2017;12:00:00;62.989321005318
11/21/2017;13:00:00;62.9972308605204
11/21/2017;14:00:00;62.9969369174972
11/21/2017;15:00:00;62.9878269626549
11/21/2017;16:00:00;62.9963077011563
11/21/2017;17:00:00;62.9941156871197
11/21/2017;18:00:00;62.991300740808
11/21/2017;19:00:00;63.002770039569
11/21/2017;20:00:00;62.9857986467789
11/21/2017;21:00:00;62.9956360439105
11/21/2017;22:00:00;62.9914132326387
11/21/2017;23:00:00;62.9963367023804
11/22/2017;00:00:00;62.9951800772187
11/22/2017;01:00:00;62.9942040483613
11/22/2017;02:00:00;62.9948521919275
11/22/2017;03:00:00;62.9914123524463
11/22/2017;04:00:00;62.9998236700957
11/22/2017;05:00:00;62.9893355517177
11/22/2017;06:00:00;62.9967748942515
11/22/2017;07:00:00;62.9917433769308
11/22/2017;08:00:00;62.9957135692306
11/22/2017;09:00:00;62.9966288681177
11/22/2017;10:00:00;62.9952554441992
11/22/2017;11:00:00;62.9926646357498
11/22/2017;12:00:00;62.9944222928588
11/22/2017;13:00:00;62.9870608779326
11/22/2017;14:00:00;62.9981891270907
11/22/2017;15:00:00;62.9948508350267
11/22/2017;16:00:00;62.989245516892
11/22/2017;17:00:00;62.9970896673891
11/22/2017;18:00:00;62.9919764421035
11/22/2017;19:00:00;62.9934682648252
11/22/2017;20:00:00;62.9910157429813
11/22/2017;21:00:00;62.9936334032885
11/22/2017;22:00:00;62.9915534108919
11/22/2017;23:00:00;62.9946408171578
11/23/2017;00:00:00;62.9954481480905
11/23/2017;01:00:00;62.9926117382894
11/23/2017;02:00:00;62.9960335845001
11/23/2017;03:00:00;62.9936612360738
11/23/2017;04:00:00;62.9936440632142
11/23/2017;05:00:00;62.9973629713845
11/23/2017;06:00:00;62.9893680615378
11/23/2017;07:00:00;62.9992981860375
11/23/2017;08:00:00;62.9908211081661
11/23/2017;09:00:00;62.9921385240196
11/23/2017;10:00:00;62.9928431879591
11/23/2017;11:00:00;62.9946492278146
11/23/2017;12:00:00;62.9949574680394
11/23/2017;13:00:00;62.9907893198258
11/23/2017;14:00:00;62.9955413929137
11/23/2017;15:00:00;62.9963692527812
11/23/2017;16:00:00;62.9933810412269
11/23/2017;17:00:00;62.9933209047746
11/23/2017;18:00:00;62.9943283459884
11/23/2017;19:00:00;62.9949176377151
11/23/2017;20:00:00;62.9948011079369
11/23/2017;21:00:00;62.9911654481462
11/23/2017;22:00:00;62.9946949447838
11/23/2017;23:00:00;62.9961435818164
11/24/2017;00:00:00;62.9921375337245
11/24/2017;01:00:00;62.992360222104
11/24/2017;02:00:00;62.9968670869919
11/24/2017;03:00:00;62.9910707047908
11/24/2017;04:00:00;62.9950381460727
11/24/2017;05:00:00;62.9903903836349
11/24/2017;06:00:00;62.996302810319
11/24/2017;07:00:00;62.9931706809551
11/24/2017;08:00:00;62.9944775393704
11/24/2017;09:00:00;62.9946102042411
11/24/2017;10:00:00;62.9923607020838
11/24/2017;11:00:00;62.9958449146122
11/24/2017;12:00:00;62.9922984773251
11/24/2017;13:00:00;62.9917631792915
11/24/2017;14:00:00;62.9968160224854
11/24/2017;15:00:00;62.9938445168551
11/24/2017;16:00:00;62.9936277447529
11/24/2017;17:00:00;62.9979175968443
11/24/2017;18:00:00;62.9910749710983
11/24/2017;19:00:00;62.9938798776159
11/24/2017;20:00:00;62.9968379608044
11/24/2017;21:00:00;62.9921960490051
11/24/2017;22:00:00;62.9978744081249
11/24/2017;23:00:00;62.9915912430404
11/25/2017;00:00:00;62.9918080928185
11/25/2017;01:00:00;62.9955049824657
11/25/2017;02:00:00;62.9920245888239
11/25/2017;03:00:00;62.9961489793594
11/25/2017;04:00:00;62.9952648528458
11/25/2017;05:00:00;62.9902905317223
11/25/2017;06:00:00;62.9932063124702
11/25/2017;07:00:00;62.9949514643639
11/25/2017;08:00:00;62.9974950467784
11/25/2017;09:00:00;62.992372834168
11/25/2017;10:00:00;62.9938232213252
11/25/2017;11:00:00;62.9940271513768
11/25/2017;12:00:00;62.9945132983203
11/25/2017;13:00:00;62.9942190029953
11/25/2017;14:00:00;62.9887468833476
11/25/2017;15:00:00;62.9953239168511
11/25/2017;16:00:00;62.9926965109657
11/25/2017;17:00:00;62.9957132748099
11/25/2017;18:00:00;62.9978106965721
11/25/2017;19:00:00;62.9946299595215
11/25/2017;20:00:00;62.9895088172892
11/25/2017;21:00:00;62.9276827611665
11/25/2017;22:00:00;62.3783112074298
11/25/2017;23:00:00;61.7058966974455
11/26/2017;00:00:00;60.9763331497049
11/26/2017;01:00:00;60.5888756890456
11/26/2017;02:00:00;60.8349392036385
11/26/2017;03:00:00;60.8416919896104
11/26/2017;04:00:00;60.8209689340762
11/26/2017;05:00:00;60.3880963907094
11/26/2017;06:00:00;59.9716606378854
11/26/2017;07:00:00;59.9716250007277
11/26/2017;08:00:00;59.9656252644772
11/26/2017;09:00:00;59.9645774401538
11/26/2017;10:00:00;59.978207730924
11/26/2017;11:00:00;59.9572310281274
11/26/2017;12:00:00;59.9769976941592
11/26/2017;13:00:00;59.9683985863259
11/26/2017;14:00:00;59.9788256288285
11/26/2017;15:00:00;59.9663822836904
11/26/2017;16:00:00;59.967013146359
11/26/2017;17:00:00;59.9729787097231
11/26/2017;18:00:00;59.9682374125364
11/26/2017;19:00:00;59.9672506011594
11/26/2017;20:00:00;59.9689212835965
11/26/2017;21:00:00;59.9746993214862
11/26/2017;22:00:00;59.9679638530896
11/26/2017;23:00:00;59.9729078477936
11/27/2017;00:00:00;59.9719783746241
11/27/2017;01:00:00;59.9657312532878
11/27/2017;02:00:00;59.969537712894
11/27/2017;03:00:00;59.5114589132991
11/27/2017;04:00:00;56.6219940160945
11/27/2017;05:00:00;55.4176418711549
11/27/2017;06:00:00;53.6934910611805
11/27/2017;07:00:00;38.9415432800922
11/27/2017;08:00:00;29.3777790018707
11/27/2017;09:00:00;24.0018721496023
11/27/2017;10:00:00;19.4562510120293
11/27/2017;11:00:00;19.1935207888133
11/27/2017;12:00:00;19.1858444213867
11/27/2017;13:00:00;19.1858444213867
11/27/2017;14:00:00;19.1858444213867
11/27/2017;15:00:00;19.1858444213867
11/27/2017;16:00:00;19.1858444213867
11/27/2017;17:00:00;19.1858444213867
11/27/2017;18:00:00;19.1858444213867
11/27/2017;19:00:00;19.1858444213867
11/27/2017;20:00:00;19.1858444213867
11/27/2017;21:00:00;19.1858444213867
11/27/2017;22:00:00;19.1858444213867
11/27/2017;23:00:00;19.1858444213867
11/28/2017;00:00:00;19.1858444213867
11/28/2017;01:00:00;19.1858444213867
11/28/2017;02:00:00;19.1858444213867
11/28/2017;03:00:00;19.1858444213867
11/28/2017;04:00:00;19.1858444213867
11/28/2017;05:00:00;19.1858444213867
11/28/2017;06:00:00;19.1858444213867
11/28/2017;07:00:00;19.1858444213867
11/28/2017;08:00:00;19.1858444213867
11/28/2017;09:00:00;19.1858444213867
11/28/2017;10:00:00;19.1858444213867
11/28/2017;11:00:00;19.1858444213867
11/28/2017;12:00:00;19.1858444213867
11/28/2017;13:00:00;19.1858444213867
11/28/2017;14:00:00;19.1858444213867
11/28/2017;15:00:00;19.1858444213867
11/28/2017;16:00:00;19.1858444213867
11/28/2017;17:00:00;19.1858444213867
11/28/2017;18:00:00;19.1858444213867
11/28/2017;19:00:00;19.1858444213867
11/28/2017;20:00:00;19.1858444213867
11/28/2017;21:00:00;19.1858444213867
11/28/2017;22:00:00;19.1858444213867
11/28/2017;23:00:00;19.1858444213867
11/29/2017;00:00:00;19.1858444213867
11/29/2017;01:00:00;19.1858444213867
11/29/2017;02:00:00;19.1858444213867
11/29/2017;03:00:00;19.1858444213867
11/29/2017;04:00:00;19.1858444213867
11/29/2017;05:00:00;19.1858444213867
11/29/2017;06:00:00;19.1858444213867
11/29/2017;07:00:00;19.1858444213867
11/29/2017;08:00:00;19.1858444213867
11/29/2017;09:00:00;19.1858444213867
11/29/2017;10:00:00;19.1858444213867
11/29/2017;11:00:00;19.1858444213867
11/29/2017;12:00:00;19.1858444213867
11/29/2017;13:00:00;0
11/29/2017;14:00:00;0
11/29/2017;15:00:00;0
11/29/2017;16:00:00;0
11/29/2017;17:00:00;0
11/29/2017;18:00:00;0
11/29/2017;19:00:00;0
11/29/2017;20:00:00;0
11/29/2017;21:00:00;0
11/29/2017;22:00:00;0
11/29/2017;23:00:00;0
11/30/2017;00:00:00;0
11/30/2017;01:00:00;0
11/30/2017;02:00:00;0
11/30/2017;03:00:00;0
11/30/2017;04:00:00;0
11/30/2017;05:00:00;0
11/30/2017;06:00:00;0
11/30/2017;07:00:00;0
11/30/2017;08:00:00;0
11/30/2017;09:00:00;0
11/30/2017;10:00:00;0
11/30/2017;11:00:00;0
11/30/2017;12:00:00;0
11/30/2017;13:00:00;0
11/30/2017;14:00:00;0
11/30/2017;15:00:00;0
11/30/2017;16:00:00;0
11/30/2017;17:00:00;20.9918652135779
11/30/2017;18:00:00;19.3999623915783
11/30/2017;19:00:00;20.6597288434199
11/30/2017;20:00:00;22.0263535496458
11/30/2017;21:00:00;25.3100377538075
11/30/2017;22:00:00;24.7672863340498
11/30/2017;23:00:00;8.19305691383988
12/01/2017;00:00:00;12.0241710790976
12/01/2017;01:00:00;13.7815963023466
12/01/2017;02:00:00;25.7473101935247
12/01/2017;03:00:00;31.1572835556442
12/01/2017;04:00:00;31.1422826865431
12/01/2017;05:00:00;19.6313573507036
12/01/2017;06:00:00;12.3300589893959
12/01/2017;07:00:00;0.584807087842898
12/01/2017;08:00:00;16.5278876220034
12/01/2017;09:00:00;24.9209887819173
12/01/2017;10:00:00;27.1644127767749
12/01/2017;11:00:00;3.44009927062016
12/01/2017;12:00:00;25.9945763051366
12/01/2017;13:00:00;28.5113651244791
12/01/2017;14:00:00;30.93513424187
12/01/2017;15:00:00;39.1508014949105
12/01/2017;16:00:00;32.8475642100292
12/01/2017;17:00:00;46.0539688256818
12/01/2017;18:00:00;47.1814179078941
12/01/2017;19:00:00;47.4469515202827
12/01/2017;20:00:00;49.149430530638
12/01/2017;21:00:00;49.676879827971
12/01/2017;22:00:00;50.9224068823985
12/01/2017;23:00:00;51.9176119849632
12/02/2017;00:00:00;52.8708071615025
12/02/2017;01:00:00;51.9457980726852
12/02/2017;02:00:00;51.4920952393366
12/02/2017;03:00:00;51.4971042391725
12/02/2017;04:00:00;51.4932629492035
12/02/2017;05:00:00;51.9181573105915
12/02/2017;06:00:00;52.4664164966813
12/02/2017;07:00:00;52.7571026782539
12/02/2017;08:00:00;52.7573279950145
12/02/2017;09:00:00;52.7617304920361
12/02/2017;10:00:00;52.7549573448836
12/02/2017;11:00:00;52.7549848603694
12/02/2017;12:00:00;52.7611430172683
12/02/2017;13:00:00;52.7525690720362
12/02/2017;14:00:00;52.7668388859555
12/02/2017;15:00:00;52.7606133615155
12/02/2017;16:00:00;52.7576926950509
12/02/2017;17:00:00;52.7619322085625
12/02/2017;18:00:00;52.758358033511
12/02/2017;19:00:00;52.7581967569033
12/02/2017;20:00:00;52.7554367603384
12/02/2017;21:00:00;52.7581766997525
12/02/2017;22:00:00;52.761001667486
12/02/2017;23:00:00;52.7581524011285
12/03/2017;00:00:00;52.7591952096871
12/03/2017;01:00:00;52.3691704196419
12/03/2017;02:00:00;52.1643067704915
12/03/2017;03:00:00;52.165414828538
12/03/2017;04:00:00;52.1646673505085
12/03/2017;05:00:00;52.1597568019412
12/03/2017;06:00:00;52.1746243341049
12/03/2017;07:00:00;51.7330279098322
12/03/2017;08:00:00;51.613462726631
12/03/2017;09:00:00;51.6089493974679
12/03/2017;10:00:00;51.6029965046274
12/03/2017;11:00:00;51.6201294833713
12/03/2017;12:00:00;51.6038355805941
12/03/2017;13:00:00;51.6128509668853
12/03/2017;14:00:00;51.613740449556
12/03/2017;15:00:00;51.6070367158317
12/03/2017;16:00:00;51.6126898074613
12/03/2017;17:00:00;51.6088000323466
12/03/2017;18:00:00;51.6067591407295
12/03/2017;19:00:00;51.6089683511524
12/03/2017;20:00:00;51.6055253890184
12/03/2017;21:00:00;51.6133865714514
12/03/2017;22:00:00;51.6111593428685
12/03/2017;23:00:00;51.6095601577745
12/04/2017;00:00:00;51.6059141720202
12/04/2017;01:00:00;51.6144207003126
12/04/2017;02:00:00;51.6088510117642
12/04/2017;03:00:00;51.6105587570201
12/04/2017;04:00:00;51.6094026419632
12/04/2017;05:00:00;51.6063146647776
12/04/2017;06:00:00;51.6147590134021
12/04/2017;07:00:00;51.6101733382342
12/04/2017;08:00:00;51.6135489542168
12/04/2017;09:00:00;51.6047845672929
12/04/2017;10:00:00;51.6099422190158
12/04/2017;11:00:00;50.3909100925482
12/04/2017;12:00:00;51.3913047972526
12/04/2017;13:00:00;51.3906899841331
12/04/2017;14:00:00;51.3842092498681
12/04/2017;15:00:00;51.3883990675959
12/04/2017;16:00:00;51.386090020891
12/04/2017;17:00:00;51.3871513312889
12/04/2017;18:00:00;51.3889389772693
12/04/2017;19:00:00;51.3888177400065
12/04/2017;20:00:00;51.3870279122513
12/04/2017;21:00:00;51.388748065954
12/04/2017;22:00:00;51.3901804608984
12/04/2017;23:00:00;51.3837359932865
12/05/2017;00:00:00;51.3912977144196
12/05/2017;01:00:00;51.3858091521969
12/05/2017;02:00:00;51.3881719160366
12/05/2017;03:00:00;51.3899236465996
12/05/2017;04:00:00;51.39229209866
12/05/2017;05:00:00;51.3844276716602
12/05/2017;06:00:00;51.3890478125126
12/05/2017;07:00:00;51.3874407045226
12/05/2017;08:00:00;51.3885754924302
12/05/2017;09:00:00;51.3871561785786
12/05/2017;10:00:00;51.3922292553181
12/05/2017;11:00:00;51.3863042186129
12/05/2017;12:00:00;51.3879259574615
12/05/2017;13:00:00;51.3861619774698
12/05/2017;14:00:00;51.3906991553573
12/05/2017;15:00:00;51.3906128032148
12/05/2017;16:00:00;51.3959882191912
12/05/2017;17:00:00;51.3964016625399
12/05/2017;18:00:00;51.3961053392776
12/05/2017;19:00:00;51.3837312869924
12/05/2017;20:00:00;51.3824934533591
12/05/2017;21:00:00;51.3916012824123
12/05/2017;22:00:00;51.3917106993012
12/05/2017;23:00:00;51.7069125269919
12/06/2017;00:00:00;51.9759844689229
12/06/2017;01:00:00;52.166518907958
12/06/2017;02:00:00;52.5472575119871
12/06/2017;03:00:00;52.5551623716803
12/06/2017;04:00:00;52.5626571349109
12/06/2017;05:00:00;52.5567188197743
12/06/2017;06:00:00;52.562309894749
12/06/2017;07:00:00;52.9367313505339
12/06/2017;08:00:00;53.9514060643853
12/06/2017;09:00:00;55.8072915271281
12/06/2017;10:00:00;56.6417078815224
12/06/2017;11:00:00;57.0125742438394
12/06/2017;12:00:00;58.1675277179845
12/06/2017;13:00:00;58.3919465702916
12/06/2017;14:00:00;58.4029830122758
12/06/2017;15:00:00;58.3956058930754
12/06/2017;16:00:00;58.3940864481452
12/06/2017;17:00:00;58.3955049908951
12/06/2017;18:00:00;58.3969973036466
12/06/2017;19:00:00;58.4012508848718
12/06/2017;20:00:00;58.3886036639451
12/06/2017;21:00:00;58.3942764704807
12/06/2017;22:00:00;58.3964432700206
12/06/2017;23:00:00;58.4016252782145
12/07/2017;00:00:00;58.3930673204319
12/07/2017;01:00:00;58.3952842443891
12/07/2017;02:00:00;58.3959775054191
12/07/2017;03:00:00;58.3974943725711
12/07/2017;04:00:00;58.3941535649357
12/07/2017;05:00:00;58.3981133012323
12/07/2017;06:00:00;58.3969507663179
12/07/2017;07:00:00;58.3952926743221
12/07/2017;08:00:00;58.3976098354808
12/07/2017;09:00:00;58.3986961853247
12/07/2017;10:00:00;58.3957634538113
12/07/2017;11:00:00;58.3955411654425
12/07/2017;12:00:00;58.3977106577642
12/07/2017;13:00:00;58.383361737414
12/07/2017;14:00:00;58.4023396155592
12/07/2017;15:00:00;58.3929474442591
12/07/2017;16:00:00;58.3960856771731
12/07/2017;17:00:00;58.3964359958181
12/07/2017;18:00:00;58.3968918582634
12/07/2017;19:00:00;58.3951006898619
12/07/2017;20:00:00;58.399720927518
12/07/2017;21:00:00;58.3920907149896
12/07/2017;22:00:00;58.3964406631248
12/07/2017;23:00:00;58.3918618163102
12/08/2017;00:00:00;58.3991337383765
12/08/2017;01:00:00;58.3965219182681
12/08/2017;02:00:00;58.3934137296629
12/08/2017;03:00:00;58.3993481280362
12/08/2017;04:00:00;58.3938590440939
12/08/2017;05:00:00;58.3949562981209
12/08/2017;06:00:00;58.3976003971968
12/08/2017;07:00:00;58.3962729112562
12/08/2017;08:00:00;58.3969372665479
12/08/2017;09:00:00;58.3920966109434
12/08/2017;10:00:00;58.3950288930623
12/08/2017;11:00:00;58.3955211031212
12/08/2017;12:00:00;58.3975481166085
12/08/2017;13:00:00;58.3939547089452
12/08/2017;14:00:00;58.394229394263
12/08/2017;15:00:00;58.3977413824295
12/08/2017;16:00:00;58.3930592094448
12/08/2017;17:00:00;58.4001706973996
12/08/2017;18:00:00;58.3991078012813
12/08/2017;19:00:00;58.3952633209995
12/08/2017;20:00:00;58.3932577659121
12/08/2017;21:00:00;58.3938556131413
12/08/2017;22:00:00;58.3972453991756
12/08/2017;23:00:00;58.3920795333855
12/09/2017;00:00:00;58.3957780558164
12/09/2017;01:00:00;58.3944486821098
12/09/2017;02:00:00;58.4021151283921
12/09/2017;03:00:00;58.3955883674154
12/09/2017;04:00:00;58.3953608280018
12/09/2017;05:00:00;58.3974318781609
12/09/2017;06:00:00;58.3958086406715
12/09/2017;07:00:00;58.3967542307135
12/09/2017;08:00:00;58.3945305378176
12/09/2017;09:00:00;58.3921990653608
12/09/2017;10:00:00;58.3961780532226
12/09/2017;11:00:00;58.4049797733607
12/09/2017;12:00:00;58.3883223770337
12/09/2017;13:00:00;58.3979490206882
12/09/2017;14:00:00;58.3944448266198
12/09/2017;15:00:00;58.3917573017198
12/09/2017;16:00:00;58.3994266635171
12/09/2017;17:00:00;58.3872861322632
12/09/2017;18:00:00;58.4027104910703
12/09/2017;19:00:00;58.3911592410731
12/09/2017;20:00:00;58.3974452499771
12/09/2017;21:00:00;58.402266048855
12/09/2017;22:00:00;58.3980026117116
12/09/2017;23:00:00;58.3940316193836
12/10/2017;00:00:00;58.3972239236554
12/10/2017;01:00:00;58.3962501326354
12/10/2017;02:00:00;58.3942736811224
12/10/2017;03:00:00;58.3987269277127
12/10/2017;04:00:00;58.4022963974966
12/10/2017;05:00:00;58.3983082424733
12/10/2017;06:00:00;58.3915230544805
12/10/2017;07:00:00;58.3948849294012
12/10/2017;08:00:00;58.402713161362
12/10/2017;09:00:00;58.394505603022
12/10/2017;10:00:00;58.3971363160802
12/10/2017;11:00:00;58.3916299376012
12/10/2017;12:00:00;58.3961949828511
12/10/2017;13:00:00;58.3930442444331
12/10/2017;14:00:00;58.3949054306059
12/10/2017;15:00:00;58.3997443124946
12/10/2017;16:00:00;58.3956089793654
12/10/2017;17:00:00;58.3979123923353
12/10/2017;18:00:00;58.3918646282714
12/10/2017;19:00:00;58.3988026413091
12/10/2017;20:00:00;58.3927800017813
12/10/2017;21:00:00;58.3907465874439
12/10/2017;22:00:00;58.3976540884923
12/10/2017;23:00:00;58.3907041446908
12/11/2017;00:00:00;58.4021884099644
12/11/2017;01:00:00;58.3959661263677
12/11/2017;02:00:00;58.3884655548839
12/11/2017;03:00:00;58.3938319396193
12/11/2017;04:00:00;58.3978170069369
12/11/2017;05:00:00;58.3962965081748
12/11/2017;06:00:00;60.6500509127578
12/11/2017;07:00:00;60.6756532270629
12/11/2017;08:00:00;60.6751455513169
12/11/2017;09:00:00;60.6741715139629
12/11/2017;10:00:00;60.6750946568272
12/11/2017;11:00:00;60.671252034391
12/11/2017;12:00:00;60.6760726660309
12/11/2017;13:00:00;60.6751360418618
12/11/2017;14:00:00;60.6732742156439
12/11/2017;15:00:00;60.6779884281955
12/11/2017;16:00:00;60.6749654990606
12/11/2017;17:00:00;60.6724982708415
12/11/2017;18:00:00;60.6779180312526
12/11/2017;19:00:00;60.6663385041302
12/11/2017;20:00:00;60.6756049885356
12/11/2017;21:00:00;60.6759536087401
12/11/2017;22:00:00;60.6749358596736
12/11/2017;23:00:00;60.670220218463
12/12/2017;00:00:00;60.674674582417
12/12/2017;01:00:00;60.673539998859
12/12/2017;02:00:00;60.6772613404737
12/12/2017;03:00:00;60.6715823257914
12/12/2017;04:00:00;60.6734364079787
12/12/2017;05:00:00;60.6738186206054
12/12/2017;06:00:00;60.6741032630252
12/12/2017;07:00:00;60.6784998414981
12/12/2017;08:00:00;60.6794512263703
12/12/2017;09:00:00;60.6702526500062
12/12/2017;10:00:00;60.6784967317381
12/12/2017;11:00:00;60.6735808820267
12/12/2017;12:00:00;60.6724477109991
12/12/2017;13:00:00;60.6743245326705
12/12/2017;14:00:00;58.939630877772
12/12/2017;15:00:00;55.2103360738261
12/12/2017;16:00:00;53.7335800157049
12/12/2017;17:00:00;53.3824970575869
12/12/2017;18:00:00;51.3358279449906
12/12/2017;19:00:00;49.3194649016982
12/12/2017;20:00:00;48.5391522678767
12/12/2017;21:00:00;48.5443081798474
12/12/2017;22:00:00;48.5383852935728
12/12/2017;23:00:00;48.5401145140895
12/13/2017;00:00:00;48.2367560601783
12/13/2017;01:00:00;47.9174789267714
12/13/2017;02:00:00;47.9338596529803
12/13/2017;03:00:00;47.9327537606171
12/13/2017;04:00:00;47.9332377519096
12/13/2017;05:00:00;47.9311137499378
12/13/2017;06:00:00;47.9348339030144
12/13/2017;07:00:00;47.9314715517847
12/13/2017;08:00:00;47.9322352133209
12/13/2017;09:00:00;47.9335375405708
12/13/2017;10:00:00;47.9296880065265
12/13/2017;11:00:00;47.935625323179
12/13/2017;12:00:00;47.92969437788
12/13/2017;13:00:00;47.9296225271079
12/13/2017;14:00:00;47.9292158420043
12/13/2017;15:00:00;47.9355943091961
12/13/2017;16:00:00;47.9407672881239
12/13/2017;17:00:00;47.9245691213361
12/13/2017;18:00:00;47.9376710594888
12/13/2017;19:00:00;47.9308615204388
12/13/2017;20:00:00;47.928201304608
12/13/2017;21:00:00;47.9280413517403
12/13/2017;22:00:00;47.9393409579925
12/13/2017;23:00:00;47.9391414166576
12/14/2017;00:00:00;47.9252682789484
12/14/2017;01:00:00;47.9324283496097
12/14/2017;02:00:00;47.933533101723
12/14/2017;03:00:00;47.9340439629285
12/14/2017;04:00:00;47.9317848406523
12/14/2017;05:00:00;47.9309300899808
12/14/2017;06:00:00;47.9429270069448
12/14/2017;07:00:00;48.3178367767493
12/14/2017;08:00:00;48.5361861014007
12/14/2017;09:00:00;48.5386243762147
12/14/2017;10:00:00;48.7454005432342
12/14/2017;11:00:00;49.1434994082333
12/14/2017;12:00:00;49.1527500542079
12/14/2017;13:00:00;49.1413790916256
12/14/2017;14:00:00;49.1510371503259
12/14/2017;15:00:00;49.1524984805717
12/14/2017;16:00:00;49.1450992354682
12/14/2017;17:00:00;49.1450792946207
12/14/2017;18:00:00;49.1465115833809
12/14/2017;19:00:00;49.1415799513249
12/14/2017;20:00:00;49.1465176565741
12/14/2017;21:00:00;49.1406299963785
12/14/2017;22:00:00;49.1469492941735
12/14/2017;23:00:00;49.1472649965027
12/15/2017;00:00:00;49.1466349492393
12/15/2017;01:00:00;49.1547216066783
12/15/2017;02:00:00;49.1416305581907
12/15/2017;03:00:00;49.140345483875
12/15/2017;04:00:00;49.1472745457185
12/15/2017;05:00:00;49.1456916339832
12/15/2017;06:00:00;49.1478036214469
12/15/2017;07:00:00;49.1414935207419
12/15/2017;08:00:00;49.1525732698055
12/15/2017;09:00:00;49.1454257768012
12/15/2017;10:00:00;49.1515030816433
12/15/2017;11:00:00;49.1425575768446
12/15/2017;12:00:00;49.1473256358574
12/15/2017;13:00:00;49.1475852430972
12/15/2017;14:00:00;49.1458830556177
12/15/2017;15:00:00;49.1463959175768
12/15/2017;16:00:00;49.1455011583841
12/15/2017;17:00:00;49.1426444683958
12/15/2017;18:00:00;49.1478387312116
12/15/2017;19:00:00;49.1472018702632
12/15/2017;20:00:00;49.1439315814894
12/15/2017;21:00:00;49.15777939817
12/15/2017;22:00:00;49.1541131720108
12/15/2017;23:00:00;49.1491489049791
12/16/2017;00:00:00;49.1340554667366
12/16/2017;01:00:00;49.1423324344105
12/16/2017;02:00:00;49.1481791981188
12/16/2017;03:00:00;49.1475623121127
12/16/2017;04:00:00;49.1487670257425
12/16/2017;05:00:00;49.14682571495
12/16/2017;06:00:00;49.1438317170387
12/16/2017;07:00:00;49.1452053100873
12/16/2017;08:00:00;49.1425654046184
12/16/2017;09:00:00;49.1455456418253
12/16/2017;10:00:00;49.1468377082766
12/16/2017;11:00:00;49.1486280789602
12/16/2017;12:00:00;49.1467924957618
12/16/2017;13:00:00;49.1497688966946
12/16/2017;14:00:00;49.1379128358116
12/16/2017;15:00:00;49.1395455186191
12/16/2017;16:00:00;49.1539480389124
12/16/2017;17:00:00;49.1494640859189
12/16/2017;18:00:00;49.1446838116734
12/16/2017;19:00:00;49.147808964899
12/16/2017;20:00:00;49.1481322252723
12/16/2017;21:00:00;49.1468425620762
12/16/2017;22:00:00;49.1461762741739
12/16/2017;23:00:00;49.1421063997325
12/17/2017;00:00:00;49.1403454876441
12/17/2017;01:00:00;49.150855143279
12/17/2017;02:00:00;49.148090302113
12/17/2017;03:00:00;49.146063203938
12/17/2017;04:00:00;49.1434099549727
12/17/2017;05:00:00;49.147843050942
12/17/2017;06:00:00;49.1455974059524
12/17/2017;07:00:00;49.150048048676
12/17/2017;08:00:00;49.1424161645839
12/17/2017;09:00:00;49.1493612173779
12/17/2017;10:00:00;49.1457751392179
12/17/2017;11:00:00;49.145418064437
12/17/2017;12:00:00;49.1461583286656
12/17/2017;13:00:00;49.1513381993897
12/17/2017;14:00:00;49.1391718720993
12/17/2017;15:00:00;49.1480541994893
12/17/2017;16:00:00;49.1421183512266
12/17/2017;17:00:00;49.1491328111733
12/17/2017;18:00:00;49.1452851430236
12/17/2017;19:00:00;49.1466145841232
12/17/2017;20:00:00;49.1474063081581
12/17/2017;21:00:00;49.1423790389216
12/17/2017;22:00:00;49.1445889868013
