DATE;TIME;PI0301.PV
11/01/2016;00:00:00;14.8105562614551
11/01/2016;01:00:00;14.8353219075272
11/01/2016;02:00:00;14.7328870102434
11/01/2016;03:00:00;14.7695848588689
11/01/2016;04:00:00;14.6355766442304
11/01/2016;05:00:00;14.6432090079622
11/01/2016;06:00:00;14.6807429433189
11/01/2016;07:00:00;14.7299477470332
11/01/2016;08:00:00;14.6740466280761
11/01/2016;09:00:00;14.7161683630115
11/01/2016;10:00:00;14.6722184028494
11/01/2016;11:00:00;14.6857521489512
11/01/2016;12:00:00;14.6787763035712
11/01/2016;13:00:00;14.6492060250615
11/01/2016;14:00:00;14.6068404152163
11/01/2016;15:00:00;14.527877707801
11/01/2016;16:00:00;14.5304862967275
11/01/2016;17:00:00;14.5973879779396
11/01/2016;18:00:00;14.6302947140837
11/01/2016;19:00:00;14.6348242239457
11/01/2016;20:00:00;14.6171139916447
11/01/2016;21:00:00;14.594891004135
11/01/2016;22:00:00;14.5435470988014
11/01/2016;23:00:00;14.5342788467573
11/02/2016;00:00:00;14.5357079023509
11/02/2016;01:00:00;14.4900138599348
11/02/2016;02:00:00;14.4969794769803
11/02/2016;03:00:00;14.4687801367389
11/02/2016;04:00:00;14.4843040030297
11/02/2016;05:00:00;14.5336908022728
11/02/2016;06:00:00;14.5492237387996
11/02/2016;07:00:00;14.4825577402874
11/02/2016;08:00:00;14.4948216657525
11/02/2016;09:00:00;14.4800761390136
11/02/2016;10:00:00;14.4495229100101
11/02/2016;11:00:00;14.4557766287518
11/02/2016;12:00:00;14.4018993273822
11/02/2016;13:00:00;14.4259194747159
11/02/2016;14:00:00;14.4026190862263
11/02/2016;15:00:00;14.4400745933213
11/02/2016;16:00:00;14.4600619721338
11/02/2016;17:00:00;14.4307396253035
11/02/2016;18:00:00;14.4510550381447
11/02/2016;19:00:00;14.5121628194262
11/02/2016;20:00:00;14.5036056471515
11/02/2016;21:00:00;14.4663375789038
11/02/2016;22:00:00;14.5302485915566
11/02/2016;23:00:00;14.491863851217
11/03/2016;00:00:00;14.5448522529458
11/03/2016;01:00:00;14.5521720403746
11/03/2016;02:00:00;14.5128129738278
11/03/2016;03:00:00;14.5277239818193
11/03/2016;04:00:00;14.5311471708142
11/03/2016;05:00:00;14.5196849262145
11/03/2016;06:00:00;14.5120001716094
11/03/2016;07:00:00;14.481785811794
11/03/2016;08:00:00;14.4775167957223
11/03/2016;09:00:00;14.4710604107782
11/03/2016;10:00:00;14.5365149699603
11/03/2016;11:00:00;14.6144531578355
11/03/2016;12:00:00;14.703017862268
11/03/2016;13:00:00;14.7100461295729
11/03/2016;14:00:00;14.7773708030463
11/03/2016;15:00:00;14.8229154398111
11/03/2016;16:00:00;14.8276851485847
11/03/2016;17:00:00;14.8229980680793
11/03/2016;18:00:00;14.8310295196291
11/03/2016;19:00:00;14.8328493023967
11/03/2016;20:00:00;14.857032573286
11/03/2016;21:00:00;14.8654146552672
11/03/2016;22:00:00;14.8253216880831
11/03/2016;23:00:00;14.9068916886483
11/04/2016;00:00:00;14.8505270329353
11/04/2016;01:00:00;14.7032110283223
11/04/2016;02:00:00;14.6573395583718
11/04/2016;03:00:00;14.786674106209
11/04/2016;04:00:00;14.777955321281
11/04/2016;05:00:00;14.7925481536394
11/04/2016;06:00:00;14.7279264970535
11/04/2016;07:00:00;14.6970090449041
11/04/2016;08:00:00;14.6862834641853
11/04/2016;09:00:00;14.7528092062742
11/04/2016;10:00:00;14.7221473810638
11/04/2016;11:00:00;14.7155934002841
11/04/2016;12:00:00;14.8068482971411
11/04/2016;13:00:00;14.7303988293722
11/04/2016;14:00:00;14.7170973824277
11/04/2016;15:00:00;14.7210319066625
11/04/2016;16:00:00;14.7099903466556
11/04/2016;17:00:00;14.707051027749
11/04/2016;18:00:00;14.7407207728571
11/04/2016;19:00:00;14.7353925463094
11/04/2016;20:00:00;14.6874290491108
11/04/2016;21:00:00;14.6724833666998
11/04/2016;22:00:00;14.6898981525639
11/04/2016;23:00:00;14.6953540719316
11/05/2016;00:00:00;14.757481877877
11/05/2016;01:00:00;14.7212642650498
11/05/2016;02:00:00;14.7062069524441
11/05/2016;03:00:00;14.7338908816669
11/05/2016;04:00:00;14.6599154204928
11/05/2016;05:00:00;14.7228441268034
11/05/2016;06:00:00;14.7019738059865
11/05/2016;07:00:00;14.6634013470186
11/05/2016;08:00:00;14.701083791071
11/05/2016;09:00:00;14.7096929578036
11/05/2016;10:00:00;14.6889272298369
11/05/2016;11:00:00;14.6934724345678
11/05/2016;12:00:00;14.650947780962
11/05/2016;13:00:00;14.6014406825313
11/05/2016;14:00:00;14.6388416283136
11/05/2016;15:00:00;14.6451519262
11/05/2016;16:00:00;14.4910819957468
11/05/2016;17:00:00;14.4418199330156
11/05/2016;18:00:00;14.4674380622713
11/05/2016;19:00:00;14.4704857399473
11/05/2016;20:00:00;14.4518362920139
11/05/2016;21:00:00;14.3945003293836
11/05/2016;22:00:00;14.4109140983706
11/05/2016;23:00:00;14.4180722899069
11/06/2016;00:00:00;14.4247441189173
11/06/2016;01:00:00;14.4098383575953
11/06/2016;02:00:00;14.4609387370399
11/06/2016;03:00:00;14.4974609789511
11/06/2016;04:00:00;14.474726478109
11/06/2016;05:00:00;14.4231464884548
11/06/2016;06:00:00;14.4110126847252
11/06/2016;07:00:00;14.4498359925208
11/06/2016;08:00:00;14.5511380675332
11/06/2016;09:00:00;14.4573549921756
11/06/2016;10:00:00;14.4802434449976
11/06/2016;11:00:00;14.4013915363006
11/06/2016;12:00:00;14.387510068032
11/06/2016;13:00:00;14.4128329331355
11/06/2016;14:00:00;14.3736237906473
11/06/2016;15:00:00;14.4058091869098
11/06/2016;16:00:00;14.46145826697
11/06/2016;17:00:00;14.4362834439286
11/06/2016;18:00:00;14.3873829407637
11/06/2016;19:00:00;14.444724169937
11/06/2016;20:00:00;14.4237764377513
11/06/2016;21:00:00;14.4204650082463
11/06/2016;22:00:00;14.4143548415049
11/06/2016;23:00:00;14.3775697372221
11/07/2016;00:00:00;14.3984413959656
11/07/2016;01:00:00;14.4044781883821
11/07/2016;02:00:00;14.3663374979501
11/07/2016;03:00:00;14.4127974710235
11/07/2016;04:00:00;14.3029372982199
11/07/2016;05:00:00;14.3045769531305
11/07/2016;06:00:00;14.2982336086363
11/07/2016;07:00:00;14.3328601803273
11/07/2016;08:00:00;14.3859230842173
11/07/2016;09:00:00;14.3315024378589
11/07/2016;10:00:00;14.3638004679743
11/07/2016;11:00:00;14.461863089026
11/07/2016;12:00:00;14.3966408853513
11/07/2016;13:00:00;14.4793200222295
11/07/2016;14:00:00;14.4930332924109
11/07/2016;15:00:00;14.77483457755
11/07/2016;16:00:00;14.6736812877766
11/07/2016;17:00:00;14.7025896845977
11/07/2016;18:00:00;14.765383979198
11/07/2016;19:00:00;14.7603594250558
11/07/2016;20:00:00;14.7260328472055
11/07/2016;21:00:00;14.6729810720689
11/07/2016;22:00:00;14.2456225598208
11/07/2016;23:00:00;13.5561467643464
11/08/2016;00:00:00;12.5562140664999
11/08/2016;01:00:00;11.6403709823241
11/08/2016;02:00:00;9.24358964576171
11/08/2016;03:00:00;6.03244327728348
11/08/2016;04:00:00;8.09796220939159
11/08/2016;05:00:00;9.02857879872643
11/08/2016;06:00:00;9.55418793341279
11/08/2016;07:00:00;11.0799796629719
11/08/2016;08:00:00;13.8624054120374
11/08/2016;09:00:00;15.7633061427232
11/08/2016;10:00:00;15.9117612130469
11/08/2016;11:00:00;14.7948924545053
11/08/2016;12:00:00;13.8768902072601
11/08/2016;13:00:00;14.3724833498211
11/08/2016;14:00:00;12.2135371435894
11/08/2016;15:00:00;12.1580476896159
11/08/2016;16:00:00;11.8879813734107
11/08/2016;17:00:00;10.5639419921531
11/08/2016;18:00:00;9.47356041308046
11/08/2016;19:00:00;10.0208956537327
11/08/2016;20:00:00;7.21565312570273
11/08/2016;21:00:00;3.76260671928369
11/08/2016;22:00:00;10.9084651143811
11/08/2016;23:00:00;11.101990979601
11/09/2016;00:00:00;11.1571865638675
11/09/2016;01:00:00;12.4697765715171
11/09/2016;02:00:00;12.0609811954047
11/09/2016;03:00:00;12.9852206684174
11/09/2016;04:00:00;13.4456187643513
11/09/2016;05:00:00;11.4577070055331
11/09/2016;06:00:00;10.8435390249039
11/09/2016;07:00:00;9.8226587913468
11/09/2016;08:00:00;12.6165983007609
11/09/2016;09:00:00;11.7498618762909
11/09/2016;10:00:00;13.0137111296602
11/09/2016;11:00:00;12.8108488070135
11/09/2016;12:00:00;14.039587002923
11/09/2016;13:00:00;14.040504904653
11/09/2016;14:00:00;16
11/09/2016;15:00:00;16
11/09/2016;16:00:00;16
11/09/2016;17:00:00;16
11/09/2016;18:00:00;16
11/09/2016;19:00:00;16
11/09/2016;20:00:00;16
11/09/2016;21:00:00;16
11/09/2016;22:00:00;16
11/09/2016;23:00:00;16
11/10/2016;00:00:00;16
11/10/2016;01:00:00;16
11/10/2016;02:00:00;16
11/10/2016;03:00:00;16
11/10/2016;04:00:00;16
11/10/2016;05:00:00;16
11/10/2016;06:00:00;16
11/10/2016;07:00:00;16
11/10/2016;08:00:00;16
11/10/2016;09:00:00;16
11/10/2016;10:00:00;16
11/10/2016;11:00:00;16
11/10/2016;12:00:00;16
11/10/2016;13:00:00;16
11/10/2016;14:00:00;16
11/10/2016;15:00:00;16
11/10/2016;16:00:00;16
11/10/2016;17:00:00;16
11/10/2016;18:00:00;16
11/10/2016;19:00:00;16
11/10/2016;20:00:00;16
11/10/2016;21:00:00;16
11/10/2016;22:00:00;16
11/10/2016;23:00:00;16
11/11/2016;00:00:00;16
11/11/2016;01:00:00;16
11/11/2016;02:00:00;16
11/11/2016;03:00:00;16
11/11/2016;04:00:00;16
11/11/2016;05:00:00;16
11/11/2016;06:00:00;16
11/11/2016;07:00:00;16
11/11/2016;08:00:00;16
11/11/2016;09:00:00;16
11/11/2016;10:00:00;16
11/11/2016;11:00:00;16
11/11/2016;12:00:00;16
11/11/2016;13:00:00;16
11/11/2016;14:00:00;16
11/11/2016;15:00:00;16
11/11/2016;16:00:00;16
11/11/2016;17:00:00;16
11/11/2016;18:00:00;16
11/11/2016;19:00:00;16
11/11/2016;20:00:00;16
11/11/2016;21:00:00;16
11/11/2016;22:00:00;16
11/11/2016;23:00:00;16
11/12/2016;00:00:00;16
11/12/2016;01:00:00;16
11/12/2016;02:00:00;16
11/12/2016;03:00:00;16
11/12/2016;04:00:00;16
11/12/2016;05:00:00;16
11/12/2016;06:00:00;16
11/12/2016;07:00:00;16
11/12/2016;08:00:00;16
11/12/2016;09:00:00;16
11/12/2016;10:00:00;16
11/12/2016;11:00:00;16
11/12/2016;12:00:00;16
11/12/2016;13:00:00;16
11/12/2016;14:00:00;16
11/12/2016;15:00:00;16
11/12/2016;16:00:00;16
11/12/2016;17:00:00;16
11/12/2016;18:00:00;16
11/12/2016;19:00:00;16
11/12/2016;20:00:00;16
11/12/2016;21:00:00;16
11/12/2016;22:00:00;16
11/12/2016;23:00:00;16
11/13/2016;00:00:00;16
11/13/2016;01:00:00;16
11/13/2016;02:00:00;16
11/13/2016;03:00:00;16
11/13/2016;04:00:00;16
11/13/2016;05:00:00;16
11/13/2016;06:00:00;16
11/13/2016;07:00:00;16
11/13/2016;08:00:00;16
11/13/2016;09:00:00;16
11/13/2016;10:00:00;16
11/13/2016;11:00:00;16
11/13/2016;12:00:00;16
11/13/2016;13:00:00;16
11/13/2016;14:00:00;16
11/13/2016;15:00:00;16
11/13/2016;16:00:00;16
11/13/2016;17:00:00;16
11/13/2016;18:00:00;16
11/13/2016;19:00:00;16
11/13/2016;20:00:00;16
11/13/2016;21:00:00;16
11/13/2016;22:00:00;16
11/13/2016;23:00:00;16
11/14/2016;00:00:00;16
11/14/2016;01:00:00;16
11/14/2016;02:00:00;16
11/14/2016;03:00:00;16
11/14/2016;04:00:00;16
11/14/2016;05:00:00;16
11/14/2016;06:00:00;16
11/14/2016;07:00:00;16
11/14/2016;08:00:00;16
11/14/2016;09:00:00;16
11/14/2016;10:00:00;16
11/14/2016;11:00:00;16
11/14/2016;12:00:00;16
11/14/2016;13:00:00;16
11/14/2016;14:00:00;16
11/14/2016;15:00:00;16
11/14/2016;16:00:00;16
11/14/2016;17:00:00;16
11/14/2016;18:00:00;16
11/14/2016;19:00:00;16
11/14/2016;20:00:00;16
11/14/2016;21:00:00;16
11/14/2016;22:00:00;16
11/14/2016;23:00:00;16
11/15/2016;00:00:00;16
11/15/2016;01:00:00;16
11/15/2016;02:00:00;16
11/15/2016;03:00:00;16
11/15/2016;04:00:00;16
11/15/2016;05:00:00;16
11/15/2016;06:00:00;16
11/15/2016;07:00:00;16
11/15/2016;08:00:00;16
11/15/2016;09:00:00;16
11/15/2016;10:00:00;16
11/15/2016;11:00:00;16
11/15/2016;12:00:00;16
11/15/2016;13:00:00;16
11/15/2016;14:00:00;16
11/15/2016;15:00:00;16
11/15/2016;16:00:00;16
11/15/2016;17:00:00;16
11/15/2016;18:00:00;16
11/15/2016;19:00:00;16
11/15/2016;20:00:00;16
11/15/2016;21:00:00;16
11/15/2016;22:00:00;16
11/15/2016;23:00:00;16
11/16/2016;00:00:00;16
11/16/2016;01:00:00;16
11/16/2016;02:00:00;16
11/16/2016;03:00:00;16
11/16/2016;04:00:00;16
11/16/2016;05:00:00;16
11/16/2016;06:00:00;16
11/16/2016;07:00:00;16
11/16/2016;08:00:00;16
11/16/2016;09:00:00;16
11/16/2016;10:00:00;16
11/16/2016;11:00:00;16
11/16/2016;12:00:00;16
11/16/2016;13:00:00;16
11/16/2016;14:00:00;16
11/16/2016;15:00:00;16
11/16/2016;16:00:00;16
11/16/2016;17:00:00;16
11/16/2016;18:00:00;16
11/16/2016;19:00:00;16
11/16/2016;20:00:00;16
11/16/2016;21:00:00;16
11/16/2016;22:00:00;16
11/16/2016;23:00:00;16
11/17/2016;00:00:00;16
11/17/2016;01:00:00;16
11/17/2016;02:00:00;16
11/17/2016;03:00:00;16
11/17/2016;04:00:00;16
11/17/2016;05:00:00;16
11/17/2016;06:00:00;16
11/17/2016;07:00:00;16
11/17/2016;08:00:00;16
11/17/2016;09:00:00;16
11/17/2016;10:00:00;16
11/17/2016;11:00:00;16
11/17/2016;12:00:00;16
11/17/2016;13:00:00;16
11/17/2016;14:00:00;16
11/17/2016;15:00:00;16
11/17/2016;16:00:00;16
11/17/2016;17:00:00;16
11/17/2016;18:00:00;16
11/17/2016;19:00:00;16
11/17/2016;20:00:00;16
11/17/2016;21:00:00;16
11/17/2016;22:00:00;16
11/17/2016;23:00:00;16
11/18/2016;00:00:00;16
11/18/2016;01:00:00;16
11/18/2016;02:00:00;16
11/18/2016;03:00:00;16
11/18/2016;04:00:00;16
11/18/2016;05:00:00;16
11/18/2016;06:00:00;16
11/18/2016;07:00:00;16
11/18/2016;08:00:00;16
11/18/2016;09:00:00;16
11/18/2016;10:00:00;16
11/18/2016;11:00:00;16
11/18/2016;12:00:00;16
11/18/2016;13:00:00;16
11/18/2016;14:00:00;16
11/18/2016;15:00:00;16
11/18/2016;16:00:00;16
11/18/2016;17:00:00;16
11/18/2016;18:00:00;16
11/18/2016;19:00:00;16
11/18/2016;20:00:00;16
11/18/2016;21:00:00;16
11/18/2016;22:00:00;16
11/18/2016;23:00:00;16
11/19/2016;00:00:00;16
11/19/2016;01:00:00;16
11/19/2016;02:00:00;16
11/19/2016;03:00:00;16
11/19/2016;04:00:00;16
11/19/2016;05:00:00;16
11/19/2016;06:00:00;16
11/19/2016;07:00:00;16
11/19/2016;08:00:00;16
11/19/2016;09:00:00;16
11/19/2016;10:00:00;16
11/19/2016;11:00:00;16
11/19/2016;12:00:00;16
11/19/2016;13:00:00;16
11/19/2016;14:00:00;16
11/19/2016;15:00:00;16
11/19/2016;16:00:00;16
11/19/2016;17:00:00;16
11/19/2016;18:00:00;16
11/19/2016;19:00:00;16
11/19/2016;20:00:00;16
11/19/2016;21:00:00;16
11/19/2016;22:00:00;16
11/19/2016;23:00:00;16
11/20/2016;00:00:00;16
11/20/2016;01:00:00;16
11/20/2016;02:00:00;16
11/20/2016;03:00:00;16
11/20/2016;04:00:00;16
11/20/2016;05:00:00;16
11/20/2016;06:00:00;16
11/20/2016;07:00:00;16
11/20/2016;08:00:00;16
11/20/2016;09:00:00;16
11/20/2016;10:00:00;16
11/20/2016;11:00:00;16
11/20/2016;12:00:00;16
11/20/2016;13:00:00;16
11/20/2016;14:00:00;16
11/20/2016;15:00:00;16
11/20/2016;16:00:00;16
11/20/2016;17:00:00;16
11/20/2016;18:00:00;16
11/20/2016;19:00:00;16
11/20/2016;20:00:00;16
11/20/2016;21:00:00;16
11/20/2016;22:00:00;16
11/20/2016;23:00:00;16
11/21/2016;00:00:00;16
11/21/2016;01:00:00;16
11/21/2016;02:00:00;16
11/21/2016;03:00:00;16
11/21/2016;04:00:00;16
11/21/2016;05:00:00;16
11/21/2016;06:00:00;16
11/21/2016;07:00:00;16
11/21/2016;08:00:00;16
11/21/2016;09:00:00;16
11/21/2016;10:00:00;16
11/21/2016;11:00:00;16
11/21/2016;12:00:00;16
11/21/2016;13:00:00;16
11/21/2016;14:00:00;16
11/21/2016;15:00:00;16
11/21/2016;16:00:00;16
11/21/2016;17:00:00;16
11/21/2016;18:00:00;16
11/21/2016;19:00:00;16
11/21/2016;20:00:00;16
11/21/2016;21:00:00;16
11/21/2016;22:00:00;16
11/21/2016;23:00:00;16
11/22/2016;00:00:00;16
11/22/2016;01:00:00;16
11/22/2016;02:00:00;16
11/22/2016;03:00:00;16
11/22/2016;04:00:00;16
11/22/2016;05:00:00;16
11/22/2016;06:00:00;16
11/22/2016;07:00:00;16
11/22/2016;08:00:00;16
11/22/2016;09:00:00;16
11/22/2016;10:00:00;16
11/22/2016;11:00:00;16
11/22/2016;12:00:00;16
11/22/2016;13:00:00;16
11/22/2016;14:00:00;16
11/22/2016;15:00:00;16
11/22/2016;16:00:00;16
11/22/2016;17:00:00;16
11/22/2016;18:00:00;16
11/22/2016;19:00:00;16
11/22/2016;20:00:00;16
11/22/2016;21:00:00;16
11/22/2016;22:00:00;16
11/22/2016;23:00:00;16
11/23/2016;00:00:00;16
11/23/2016;01:00:00;16
11/23/2016;02:00:00;16
11/23/2016;03:00:00;16
11/23/2016;04:00:00;16
11/23/2016;05:00:00;16
11/23/2016;06:00:00;16
11/23/2016;07:00:00;16
11/23/2016;08:00:00;16
11/23/2016;09:00:00;16
11/23/2016;10:00:00;16
11/23/2016;11:00:00;16
11/23/2016;12:00:00;16
11/23/2016;13:00:00;16
11/23/2016;14:00:00;16
11/23/2016;15:00:00;16
11/23/2016;16:00:00;16
11/23/2016;17:00:00;16
11/23/2016;18:00:00;16
11/23/2016;19:00:00;16
11/23/2016;20:00:00;16
11/23/2016;21:00:00;16
11/23/2016;22:00:00;16
11/23/2016;23:00:00;16
11/24/2016;00:00:00;16
11/24/2016;01:00:00;16
11/24/2016;02:00:00;16
11/24/2016;03:00:00;16
11/24/2016;04:00:00;16
11/24/2016;05:00:00;16
11/24/2016;06:00:00;16
11/24/2016;07:00:00;16
11/24/2016;08:00:00;16
11/24/2016;09:00:00;16
11/24/2016;10:00:00;16
11/24/2016;11:00:00;16
11/24/2016;12:00:00;16
11/24/2016;13:00:00;16
11/24/2016;14:00:00;16
11/24/2016;15:00:00;16
11/24/2016;16:00:00;16
11/24/2016;17:00:00;16
11/24/2016;18:00:00;16
11/24/2016;19:00:00;16
11/24/2016;20:00:00;16
11/24/2016;21:00:00;16
11/24/2016;22:00:00;16
11/24/2016;23:00:00;16
11/25/2016;00:00:00;16
11/25/2016;01:00:00;16
11/25/2016;02:00:00;16
11/25/2016;03:00:00;16
11/25/2016;04:00:00;16
11/25/2016;05:00:00;16
11/25/2016;06:00:00;16
11/25/2016;07:00:00;16
11/25/2016;08:00:00;16
11/25/2016;09:00:00;16
11/25/2016;10:00:00;16
11/25/2016;11:00:00;16
11/25/2016;12:00:00;16
11/25/2016;13:00:00;16
11/25/2016;14:00:00;16
11/25/2016;15:00:00;16
11/25/2016;16:00:00;16
11/25/2016;17:00:00;16
11/25/2016;18:00:00;16
11/25/2016;19:00:00;16
11/25/2016;20:00:00;16
11/25/2016;21:00:00;16
11/25/2016;22:00:00;16
11/25/2016;23:00:00;16
11/26/2016;00:00:00;16
11/26/2016;01:00:00;16
11/26/2016;02:00:00;16
11/26/2016;03:00:00;16
11/26/2016;04:00:00;16
11/26/2016;05:00:00;16
11/26/2016;06:00:00;16
11/26/2016;07:00:00;16
11/26/2016;08:00:00;16
11/26/2016;09:00:00;16
11/26/2016;10:00:00;16
11/26/2016;11:00:00;16
11/26/2016;12:00:00;16
11/26/2016;13:00:00;16
11/26/2016;14:00:00;16
11/26/2016;15:00:00;16
11/26/2016;16:00:00;16
11/26/2016;17:00:00;16
11/26/2016;18:00:00;16
11/26/2016;19:00:00;16
11/26/2016;20:00:00;16
11/26/2016;21:00:00;16
11/26/2016;22:00:00;16
11/26/2016;23:00:00;16
11/27/2016;00:00:00;16
11/27/2016;01:00:00;16
11/27/2016;02:00:00;16
11/27/2016;03:00:00;16
11/27/2016;04:00:00;16
11/27/2016;05:00:00;16
11/27/2016;06:00:00;16
11/27/2016;07:00:00;16
11/27/2016;08:00:00;16
11/27/2016;09:00:00;16
11/27/2016;10:00:00;16
11/27/2016;11:00:00;16
11/27/2016;12:00:00;16
11/27/2016;13:00:00;16
11/27/2016;14:00:00;16
11/27/2016;15:00:00;16
11/27/2016;16:00:00;16
11/27/2016;17:00:00;16
11/27/2016;18:00:00;16
11/27/2016;19:00:00;16
11/27/2016;20:00:00;16
11/27/2016;21:00:00;16
11/27/2016;22:00:00;16
11/27/2016;23:00:00;16
11/28/2016;00:00:00;16
11/28/2016;01:00:00;16
11/28/2016;02:00:00;16
11/28/2016;03:00:00;16
11/28/2016;04:00:00;16
11/28/2016;05:00:00;16
11/28/2016;06:00:00;16
11/28/2016;07:00:00;16
11/28/2016;08:00:00;16
11/28/2016;09:00:00;16
11/28/2016;10:00:00;16
11/28/2016;11:00:00;16
11/28/2016;12:00:00;16
11/28/2016;13:00:00;16
11/28/2016;14:00:00;16
11/28/2016;15:00:00;16
11/28/2016;16:00:00;16
11/28/2016;17:00:00;16
11/28/2016;18:00:00;16
11/28/2016;19:00:00;16
11/28/2016;20:00:00;16
11/28/2016;21:00:00;16
11/28/2016;22:00:00;16
11/28/2016;23:00:00;16
11/29/2016;00:00:00;16
11/29/2016;01:00:00;16
11/29/2016;02:00:00;16
11/29/2016;03:00:00;16
11/29/2016;04:00:00;16
11/29/2016;05:00:00;16
11/29/2016;06:00:00;16
11/29/2016;07:00:00;16
11/29/2016;08:00:00;16
11/29/2016;09:00:00;16
11/29/2016;10:00:00;16
11/29/2016;11:00:00;16
11/29/2016;12:00:00;16
11/29/2016;13:00:00;16
11/29/2016;14:00:00;16
11/29/2016;15:00:00;16
11/29/2016;16:00:00;16
11/29/2016;17:00:00;16
11/29/2016;18:00:00;16
11/29/2016;19:00:00;16
11/29/2016;20:00:00;16
11/29/2016;21:00:00;16
11/29/2016;22:00:00;16
11/29/2016;23:00:00;16
11/30/2016;00:00:00;16
11/30/2016;01:00:00;16
11/30/2016;02:00:00;16
11/30/2016;03:00:00;16
11/30/2016;04:00:00;16
11/30/2016;05:00:00;16
11/30/2016;06:00:00;16
11/30/2016;07:00:00;16
11/30/2016;08:00:00;16
11/30/2016;09:00:00;16
11/30/2016;10:00:00;16
11/30/2016;11:00:00;16
11/30/2016;12:00:00;16
11/30/2016;13:00:00;16
11/30/2016;14:00:00;16
11/30/2016;15:00:00;16
11/30/2016;16:00:00;16
11/30/2016;17:00:00;16
11/30/2016;18:00:00;16
11/30/2016;19:00:00;16
11/30/2016;20:00:00;16
11/30/2016;21:00:00;16
11/30/2016;22:00:00;16
11/30/2016;23:00:00;16
12/01/2016;00:00:00;16
12/01/2016;01:00:00;16
12/01/2016;02:00:00;16
12/01/2016;03:00:00;16
12/01/2016;04:00:00;16
12/01/2016;05:00:00;16
12/01/2016;06:00:00;16
12/01/2016;07:00:00;16
12/01/2016;08:00:00;16
12/01/2016;09:00:00;16
12/01/2016;10:00:00;16
12/01/2016;11:00:00;16
12/01/2016;12:00:00;16
12/01/2016;13:00:00;16
12/01/2016;14:00:00;16
12/01/2016;15:00:00;16
12/01/2016;16:00:00;16
12/01/2016;17:00:00;16
12/01/2016;18:00:00;16
12/01/2016;19:00:00;16
12/01/2016;20:00:00;16
12/01/2016;21:00:00;16
12/01/2016;22:00:00;16
12/01/2016;23:00:00;16
12/02/2016;00:00:00;16
12/02/2016;01:00:00;16
12/02/2016;02:00:00;16
12/02/2016;03:00:00;16
12/02/2016;04:00:00;16
12/02/2016;05:00:00;16
12/02/2016;06:00:00;16
12/02/2016;07:00:00;16
12/02/2016;08:00:00;16
12/02/2016;09:00:00;16
12/02/2016;10:00:00;16
12/02/2016;11:00:00;16
12/02/2016;12:00:00;16
12/02/2016;13:00:00;16
12/02/2016;14:00:00;16
12/02/2016;15:00:00;16
12/02/2016;16:00:00;16
12/02/2016;17:00:00;16
12/02/2016;18:00:00;16
12/02/2016;19:00:00;16
12/02/2016;20:00:00;16
12/02/2016;21:00:00;16
12/02/2016;22:00:00;16
12/02/2016;23:00:00;16
12/03/2016;00:00:00;16
12/03/2016;01:00:00;16
12/03/2016;02:00:00;16
12/03/2016;03:00:00;16
12/03/2016;04:00:00;16
12/03/2016;05:00:00;16
12/03/2016;06:00:00;16
12/03/2016;07:00:00;16
12/03/2016;08:00:00;16
12/03/2016;09:00:00;16
12/03/2016;10:00:00;16
12/03/2016;11:00:00;16
12/03/2016;12:00:00;16
12/03/2016;13:00:00;16
12/03/2016;14:00:00;16
12/03/2016;15:00:00;16
12/03/2016;16:00:00;16
12/03/2016;17:00:00;16
12/03/2016;18:00:00;16
12/03/2016;19:00:00;16
12/03/2016;20:00:00;16
12/03/2016;21:00:00;16
12/03/2016;22:00:00;16
12/03/2016;23:00:00;16
12/04/2016;00:00:00;16
12/04/2016;01:00:00;16
12/04/2016;02:00:00;16
12/04/2016;03:00:00;16
12/04/2016;04:00:00;16
12/04/2016;05:00:00;16
12/04/2016;06:00:00;16
12/04/2016;07:00:00;16
12/04/2016;08:00:00;16
12/04/2016;09:00:00;16
12/04/2016;10:00:00;16
12/04/2016;11:00:00;16
12/04/2016;12:00:00;16
12/04/2016;13:00:00;16
12/04/2016;14:00:00;16
12/04/2016;15:00:00;16
12/04/2016;16:00:00;16
12/04/2016;17:00:00;16
12/04/2016;18:00:00;16
12/04/2016;19:00:00;16
12/04/2016;20:00:00;16
12/04/2016;21:00:00;16
12/04/2016;22:00:00;16
12/04/2016;23:00:00;16
12/05/2016;00:00:00;16
12/05/2016;01:00:00;16
12/05/2016;02:00:00;16
12/05/2016;03:00:00;16
12/05/2016;04:00:00;16
12/05/2016;05:00:00;16
12/05/2016;06:00:00;16
12/05/2016;07:00:00;16
12/05/2016;08:00:00;16
12/05/2016;09:00:00;16
12/05/2016;10:00:00;16
12/05/2016;11:00:00;16
12/05/2016;12:00:00;16
12/05/2016;13:00:00;16
12/05/2016;14:00:00;16
12/05/2016;15:00:00;16
12/05/2016;16:00:00;16
12/05/2016;17:00:00;16
12/05/2016;18:00:00;16
12/05/2016;19:00:00;16
12/05/2016;20:00:00;16
12/05/2016;21:00:00;16
12/05/2016;22:00:00;16
12/05/2016;23:00:00;16
12/06/2016;00:00:00;16
12/06/2016;01:00:00;16
12/06/2016;02:00:00;16
12/06/2016;03:00:00;16
12/06/2016;04:00:00;16
12/06/2016;05:00:00;16
12/06/2016;06:00:00;16
12/06/2016;07:00:00;16
12/06/2016;08:00:00;16
12/06/2016;09:00:00;16
12/06/2016;10:00:00;16
12/06/2016;11:00:00;16
12/06/2016;12:00:00;16
12/06/2016;13:00:00;16
12/06/2016;14:00:00;16
12/06/2016;15:00:00;16
12/06/2016;16:00:00;16
12/06/2016;17:00:00;16
12/06/2016;18:00:00;16
12/06/2016;19:00:00;16
12/06/2016;20:00:00;16
12/06/2016;21:00:00;16
12/06/2016;22:00:00;16
12/06/2016;23:00:00;16
12/07/2016;00:00:00;16
12/07/2016;01:00:00;16
12/07/2016;02:00:00;16
12/07/2016;03:00:00;16
12/07/2016;04:00:00;16
12/07/2016;05:00:00;16
12/07/2016;06:00:00;16
12/07/2016;07:00:00;16
12/07/2016;08:00:00;16
12/07/2016;09:00:00;16
12/07/2016;10:00:00;16
12/07/2016;11:00:00;16
12/07/2016;12:00:00;16
12/07/2016;13:00:00;16
12/07/2016;14:00:00;16
12/07/2016;15:00:00;16
12/07/2016;16:00:00;16
12/07/2016;17:00:00;16
12/07/2016;18:00:00;16
12/07/2016;19:00:00;16
12/07/2016;20:00:00;16
12/07/2016;21:00:00;16
12/07/2016;22:00:00;16
12/07/2016;23:00:00;16
12/08/2016;00:00:00;16
12/08/2016;01:00:00;16
12/08/2016;02:00:00;16
12/08/2016;03:00:00;16
12/08/2016;04:00:00;16
12/08/2016;05:00:00;16
12/08/2016;06:00:00;16
12/08/2016;07:00:00;16
12/08/2016;08:00:00;16
12/08/2016;09:00:00;16
12/08/2016;10:00:00;16
12/08/2016;11:00:00;16
12/08/2016;12:00:00;16
12/08/2016;13:00:00;16
12/08/2016;14:00:00;16
12/08/2016;15:00:00;16
12/08/2016;16:00:00;16
12/08/2016;17:00:00;16
12/08/2016;18:00:00;16
12/08/2016;19:00:00;16
12/08/2016;20:00:00;16
12/08/2016;21:00:00;16
12/08/2016;22:00:00;16
12/08/2016;23:00:00;16
12/09/2016;00:00:00;16
12/09/2016;01:00:00;16
12/09/2016;02:00:00;16
12/09/2016;03:00:00;16
12/09/2016;04:00:00;16
12/09/2016;05:00:00;16
12/09/2016;06:00:00;16
12/09/2016;07:00:00;16
12/09/2016;08:00:00;16
12/09/2016;09:00:00;16
12/09/2016;10:00:00;16
12/09/2016;11:00:00;16
12/09/2016;12:00:00;16
12/09/2016;13:00:00;16
12/09/2016;14:00:00;16
12/09/2016;15:00:00;16
12/09/2016;16:00:00;16
12/09/2016;17:00:00;16
12/09/2016;18:00:00;16
12/09/2016;19:00:00;16
12/09/2016;20:00:00;16
12/09/2016;21:00:00;16
12/09/2016;22:00:00;16
12/09/2016;23:00:00;16
12/10/2016;00:00:00;16
12/10/2016;01:00:00;16
12/10/2016;02:00:00;16
12/10/2016;03:00:00;16
12/10/2016;04:00:00;16
12/10/2016;05:00:00;16
12/10/2016;06:00:00;15.9994677930991
12/10/2016;07:00:00;9.80770466691814
12/10/2016;08:00:00;2.66659148242468
12/10/2016;09:00:00;2.84993632696922
12/10/2016;10:00:00;3.17936251890661
12/10/2016;11:00:00;3.47430944564561
12/10/2016;12:00:00;3.77881979472521
12/10/2016;13:00:00;5.59930904057416
12/10/2016;14:00:00;8.82737554319607
12/10/2016;15:00:00;10.3238507237375
12/10/2016;16:00:00;10.5050849469721
12/10/2016;17:00:00;10.6783795509715
12/10/2016;18:00:00;10.8473765110667
12/10/2016;19:00:00;11.0188154547859
12/10/2016;20:00:00;11.2716909827834
12/10/2016;21:00:00;11.8007963251079
12/10/2016;22:00:00;13.3574239227291
12/10/2016;23:00:00;15.9338823135788
12/11/2016;00:00:00;16
12/11/2016;01:00:00;16
12/11/2016;02:00:00;16
12/11/2016;03:00:00;16
12/11/2016;04:00:00;16
12/11/2016;05:00:00;16
12/11/2016;06:00:00;16
12/11/2016;07:00:00;16
12/11/2016;08:00:00;16
12/11/2016;09:00:00;16
12/11/2016;10:00:00;16
12/11/2016;11:00:00;16
12/11/2016;12:00:00;16
12/11/2016;13:00:00;16
12/11/2016;14:00:00;16
12/11/2016;15:00:00;16
12/11/2016;16:00:00;16
12/11/2016;17:00:00;12.1428405029074
12/11/2016;18:00:00;10.6849296942295
12/11/2016;19:00:00;13.2719174452176
12/11/2016;20:00:00;12.655406815267
12/11/2016;21:00:00;14.1381616241836
12/11/2016;22:00:00;13.9470761893537
12/11/2016;23:00:00;12.2860821602136
12/12/2016;00:00:00;13.5915181023974
12/12/2016;01:00:00;12.1305478638024
12/12/2016;02:00:00;14.4382949829364
12/12/2016;03:00:00;13.7894202121316
12/12/2016;04:00:00;13.6209936493199
12/12/2016;05:00:00;13.7677473167226
12/12/2016;06:00:00;13.8647712649166
12/12/2016;07:00:00;13.9250650298579
12/12/2016;08:00:00;13.765543273724
12/12/2016;09:00:00;13.7557902923791
12/12/2016;10:00:00;13.8068494142756
12/12/2016;11:00:00;14.836146428365
12/12/2016;12:00:00;14.5686701392539
12/12/2016;13:00:00;14.2621178848386
12/12/2016;14:00:00;14.3151323721053
12/12/2016;15:00:00;14.2506912666295
12/12/2016;16:00:00;14.2072257913326
12/12/2016;17:00:00;14.2216283887066
12/12/2016;18:00:00;14.2073600423878
12/12/2016;19:00:00;14.1760823593988
12/12/2016;20:00:00;14.2730902355916
12/12/2016;21:00:00;14.370636919677
12/12/2016;22:00:00;14.4497819385549
12/12/2016;23:00:00;14.6350148085623
12/13/2016;00:00:00;14.7924082672584
12/13/2016;01:00:00;14.9104330284756
12/13/2016;02:00:00;14.8991724393247
12/13/2016;03:00:00;14.8802381573254
12/13/2016;04:00:00;14.8500070559783
12/13/2016;05:00:00;14.7235807261034
12/13/2016;06:00:00;15.1255361397216
12/13/2016;07:00:00;13.8680484829048
12/13/2016;08:00:00;12.5264297474283
12/13/2016;09:00:00;13.609154983447
12/13/2016;10:00:00;13.1825786058016
12/13/2016;11:00:00;13.1250967129671
12/13/2016;12:00:00;13.368994034505
12/13/2016;13:00:00;13.4649478897265
12/13/2016;14:00:00;15.7457818343416
12/13/2016;15:00:00;13.7971644788166
12/13/2016;16:00:00;15.4154734624728
12/13/2016;17:00:00;15.5888577891648
12/13/2016;18:00:00;14.5914538126711
12/13/2016;19:00:00;15.1520497210419
12/13/2016;20:00:00;14.5873806821401
12/13/2016;21:00:00;13.9922121982758
12/13/2016;22:00:00;13.2459525169375
12/13/2016;23:00:00;13.2393994935624
12/14/2016;00:00:00;14.7129191976223
12/14/2016;01:00:00;14.9449349464774
12/14/2016;02:00:00;13.7293237781108
12/14/2016;03:00:00;13.8789185315915
12/14/2016;04:00:00;14.452657643989
12/14/2016;05:00:00;14.7241869198894
12/14/2016;06:00:00;15.0229349991015
12/14/2016;07:00:00;15.5376044870754
12/14/2016;08:00:00;15.7043252812014
12/14/2016;09:00:00;15.8219335442997
12/14/2016;10:00:00;15.9076186663235
12/14/2016;11:00:00;15.9766045447262
12/14/2016;12:00:00;16
12/14/2016;13:00:00;16
12/14/2016;14:00:00;16
12/14/2016;15:00:00;15.8879165382709
12/14/2016;16:00:00;15.9963920629254
12/14/2016;17:00:00;15.9691814266984
12/14/2016;18:00:00;15.4413893568204
12/14/2016;19:00:00;10.5253364211788
12/14/2016;20:00:00;8.34903740331062
12/14/2016;21:00:00;9.37268914350933
12/14/2016;22:00:00;8.77538680721709
12/14/2016;23:00:00;10.7280527294285
12/15/2016;00:00:00;8.83504756199916
12/15/2016;01:00:00;10.1154869509765
12/15/2016;02:00:00;11.6536385065422
12/15/2016;03:00:00;9.79858687353277
12/15/2016;04:00:00;9.13524801917882
12/15/2016;05:00:00;11.2007992636818
12/15/2016;06:00:00;9.66938991338997
12/15/2016;07:00:00;9.55759468997398
12/15/2016;08:00:00;9.77083873722482
12/15/2016;09:00:00;9.6526570811093
12/15/2016;10:00:00;9.62558557929422
12/15/2016;11:00:00;8.03981251810595
12/15/2016;12:00:00;8.73234288293505
12/15/2016;13:00:00;8.33282211330343
12/15/2016;14:00:00;8.43353409435913
12/15/2016;15:00:00;9.22211894472299
12/15/2016;16:00:00;8.062847126737
12/15/2016;17:00:00;7.70948248268322
12/15/2016;18:00:00;7.77280003934594
12/15/2016;19:00:00;7.59314437416736
12/15/2016;20:00:00;7.59351920156191
12/15/2016;21:00:00;7.6395682799976
12/15/2016;22:00:00;7.68016405926428
12/15/2016;23:00:00;7.81277541997235
12/16/2016;00:00:00;8.11668673109374
12/16/2016;01:00:00;8.66161259277131
12/16/2016;02:00:00;8.11030323123847
12/16/2016;03:00:00;7.99407659898353
12/16/2016;04:00:00;7.87396741758404
12/16/2016;05:00:00;7.94536282553247
12/16/2016;06:00:00;8.0738324492646
12/16/2016;07:00:00;8.33832479496547
12/16/2016;08:00:00;8.14142114689432
12/16/2016;09:00:00;8.20139657317645
12/16/2016;10:00:00;8.37088734633148
12/16/2016;11:00:00;8.39316629628071
12/16/2016;12:00:00;8.07255792309697
12/16/2016;13:00:00;8.02725011153847
12/16/2016;14:00:00;7.95417740813531
12/16/2016;15:00:00;7.8203216404452
12/16/2016;16:00:00;8.18451809877506
12/16/2016;17:00:00;7.90692870084288
12/16/2016;18:00:00;7.79401602802657
12/16/2016;19:00:00;7.98370502271242
12/16/2016;20:00:00;8.05111124230191
12/16/2016;21:00:00;8.07542958778276
12/16/2016;22:00:00;7.87334809250326
12/16/2016;23:00:00;7.7469323150335
12/17/2016;00:00:00;7.65969343042594
12/17/2016;01:00:00;7.87005665451189
12/17/2016;02:00:00;7.94845202877787
12/17/2016;03:00:00;7.87116397326296
12/17/2016;04:00:00;7.94661694490388
12/17/2016;05:00:00;8.02586287600177
12/17/2016;06:00:00;8.02736366414293
12/17/2016;07:00:00;7.98136750283385
12/17/2016;08:00:00;8.39336877467369
12/17/2016;09:00:00;8.58999443449883
12/17/2016;10:00:00;8.11644440556479
12/17/2016;11:00:00;8.0026047766988
12/17/2016;12:00:00;8.12874301413222
12/17/2016;13:00:00;8.06591376418367
12/17/2016;14:00:00;7.98131744041579
12/17/2016;15:00:00;7.93001692837526
12/17/2016;16:00:00;7.90606778748201
12/17/2016;17:00:00;8.0315551268539
12/17/2016;18:00:00;7.9962962799314
12/17/2016;19:00:00;7.89075056379322
12/17/2016;20:00:00;7.92873299229473
12/17/2016;21:00:00;7.92683366758873
12/17/2016;22:00:00;7.79314998786056
12/17/2016;23:00:00;7.76098641944642
12/18/2016;00:00:00;7.77548958187771
12/18/2016;01:00:00;7.76773482716562
12/18/2016;02:00:00;7.81923839027951
12/18/2016;03:00:00;7.77688840329679
12/18/2016;04:00:00;7.76962289792773
12/18/2016;05:00:00;7.76897077466768
12/18/2016;06:00:00;7.75221446330193
12/18/2016;07:00:00;7.62745592345166
12/18/2016;08:00:00;7.71740021774007
12/18/2016;09:00:00;7.82870379403212
12/18/2016;10:00:00;7.90313475016822
12/18/2016;11:00:00;7.96529246052099
12/18/2016;12:00:00;7.8445512630324
12/18/2016;13:00:00;7.96454252770635
12/18/2016;14:00:00;8.10292861737778
12/18/2016;15:00:00;8.02952328583379
12/18/2016;16:00:00;8.0537668110279
12/18/2016;17:00:00;8.08449260719678
12/18/2016;18:00:00;8.15643784595641
12/18/2016;19:00:00;8.03880511745058
12/18/2016;20:00:00;7.87945391185086
12/18/2016;21:00:00;7.98820323474755
12/18/2016;22:00:00;8.10343617890582
12/18/2016;23:00:00;8.12030341914775
12/19/2016;00:00:00;8.05071180692464
12/19/2016;01:00:00;8.10309395527491
12/19/2016;02:00:00;8.01886241130607
12/19/2016;03:00:00;7.93452161206569
12/19/2016;04:00:00;7.9354345625552
12/19/2016;05:00:00;8.01969670188281
12/19/2016;06:00:00;7.86743282833666
12/19/2016;07:00:00;7.86376456550634
12/19/2016;08:00:00;7.90863132911987
12/19/2016;09:00:00;8.04686987568182
12/19/2016;10:00:00;8.12708222959839
12/19/2016;11:00:00;8.34620305211824
12/19/2016;12:00:00;8.9398371967448
12/19/2016;13:00:00;8.4482552901504
12/19/2016;14:00:00;8.47587266423306
12/19/2016;15:00:00;8.46816221266764
12/19/2016;16:00:00;8.63572821267993
12/19/2016;17:00:00;8.72792965524059
12/19/2016;18:00:00;8.62878917120066
12/19/2016;19:00:00;8.50338274039771
12/19/2016;20:00:00;8.4678532615256
12/19/2016;21:00:00;8.53268963971955
12/19/2016;22:00:00;8.49409841862639
12/19/2016;23:00:00;8.50638309309053
12/20/2016;00:00:00;8.43222325962746
12/20/2016;01:00:00;8.48148464822826
12/20/2016;02:00:00;8.63773875002627
12/20/2016;03:00:00;8.67485836964683
12/20/2016;04:00:00;8.70039237857581
12/20/2016;05:00:00;8.73674451452781
12/20/2016;06:00:00;8.64469551700538
12/20/2016;07:00:00;8.63976313139406
12/20/2016;08:00:00;8.62865154300906
12/20/2016;09:00:00;8.47744298575224
12/20/2016;10:00:00;8.01763514707281
12/20/2016;11:00:00;8.247440528041
12/20/2016;12:00:00;8.64838652599725
12/20/2016;13:00:00;9.02213534439318
12/20/2016;14:00:00;9.08902002606321
12/20/2016;15:00:00;8.72769998232089
12/20/2016;16:00:00;8.77006904809989
12/20/2016;17:00:00;8.58207525245077
12/20/2016;18:00:00;8.29477986283365
12/20/2016;19:00:00;8.29190784465785
12/20/2016;20:00:00;8.29916673913752
12/20/2016;21:00:00;8.13126108639386
12/20/2016;22:00:00;8.14215770008891
12/20/2016;23:00:00;8.16545263888082
12/21/2016;00:00:00;8.3293269335846
12/21/2016;01:00:00;8.29013258455862
12/21/2016;02:00:00;8.35760125138444
12/21/2016;03:00:00;8.35220980372779
12/21/2016;04:00:00;8.53019978847207
12/21/2016;05:00:00;8.41543201774718
12/21/2016;06:00:00;8.25239281227672
12/21/2016;07:00:00;8.16173623740675
12/21/2016;08:00:00;8.06369701464351
12/21/2016;09:00:00;8.1405612863445
12/21/2016;10:00:00;8.21551036423482
12/21/2016;11:00:00;8.25268684138136
12/21/2016;12:00:00;8.35482098573914
12/21/2016;13:00:00;8.35568171905664
12/21/2016;14:00:00;8.42566644398809
12/21/2016;15:00:00;8.43352650290437
12/21/2016;16:00:00;8.27173200625409
12/21/2016;17:00:00;8.33776387074905
12/21/2016;18:00:00;8.39855868339194
12/21/2016;19:00:00;8.32045570690796
12/21/2016;20:00:00;8.36987027180376
12/21/2016;21:00:00;8.3786879596822
12/21/2016;22:00:00;8.37963286794254
12/21/2016;23:00:00;8.36343948725254
12/22/2016;00:00:00;8.33567784090328
12/22/2016;01:00:00;8.36058013985245
12/22/2016;02:00:00;8.36394708464459
12/22/2016;03:00:00;8.35657310231828
12/22/2016;04:00:00;8.34527729366268
12/22/2016;05:00:00;8.33516253258327
12/22/2016;06:00:00;8.31260425077227
12/22/2016;07:00:00;8.32530689514112
12/22/2016;08:00:00;8.31167406502874
12/22/2016;09:00:00;8.28187783279601
12/22/2016;10:00:00;8.31169046791518
12/22/2016;11:00:00;8.39633837189978
12/22/2016;12:00:00;8.2505531849821
12/22/2016;13:00:00;8.15524505870437
12/22/2016;14:00:00;8.16337584881466
12/22/2016;15:00:00;8.1276553981136
12/22/2016;16:00:00;8.10469800676371
12/22/2016;17:00:00;8.15644771564769
12/22/2016;18:00:00;8.16918811740123
12/22/2016;19:00:00;8.11521783017244
12/22/2016;20:00:00;8.1539998982025
12/22/2016;21:00:00;8.19010559301774
12/22/2016;22:00:00;8.16767087499646
12/22/2016;23:00:00;8.19430804237492
12/23/2016;00:00:00;8.10158817627502
12/23/2016;01:00:00;8.16954318088337
12/23/2016;02:00:00;8.16113162139358
12/23/2016;03:00:00;8.14629870480134
12/23/2016;04:00:00;8.16763534210078
12/23/2016;05:00:00;8.24031427496827
12/23/2016;06:00:00;8.21155168940265
12/23/2016;07:00:00;8.23549453223668
12/23/2016;08:00:00;8.21774180676109
12/23/2016;09:00:00;8.19253678965043
12/23/2016;10:00:00;8.19057110598531
12/23/2016;11:00:00;8.21071553569251
12/23/2016;12:00:00;8.16323572541024
12/23/2016;13:00:00;8.11397699351907
12/23/2016;14:00:00;8.18344007533656
12/23/2016;15:00:00;8.24013810260701
12/23/2016;16:00:00;8.23373068283783
12/23/2016;17:00:00;8.41827324674858
12/23/2016;18:00:00;8.28733243967053
12/23/2016;19:00:00;8.26645493820016
12/23/2016;20:00:00;8.31827783464398
12/23/2016;21:00:00;8.30949281816373
12/23/2016;22:00:00;8.28384047094721
12/23/2016;23:00:00;8.1885240548292
12/24/2016;00:00:00;8.32490804705374
12/24/2016;01:00:00;8.28729812183299
12/24/2016;02:00:00;8.22084966247733
12/24/2016;03:00:00;8.32892362768867
12/24/2016;04:00:00;8.10443727715208
12/24/2016;05:00:00;8.12634991973006
12/24/2016;06:00:00;8.24079866547878
12/24/2016;07:00:00;8.16222342997132
12/24/2016;08:00:00;8.07914935607652
12/24/2016;09:00:00;8.0691433929987
12/24/2016;10:00:00;8.07595609810488
12/24/2016;11:00:00;8.05785117987563
12/24/2016;12:00:00;8.02897745133899
12/24/2016;13:00:00;8.0478362485647
12/24/2016;14:00:00;8.05538365935172
12/24/2016;15:00:00;8.0744626156791
12/24/2016;16:00:00;8.09106537673093
12/24/2016;17:00:00;8.17326257844742
12/24/2016;18:00:00;8.14016540985384
12/24/2016;19:00:00;8.17878934817713
12/24/2016;20:00:00;8.17497550846492
12/24/2016;21:00:00;8.21692763502323
12/24/2016;22:00:00;8.22833428548886
12/24/2016;23:00:00;8.14670840423025
12/25/2016;00:00:00;8.24606257899729
12/25/2016;01:00:00;8.23846218057418
12/25/2016;02:00:00;8.20149930297969
12/25/2016;03:00:00;8.21932650930779
12/25/2016;04:00:00;8.16671078157433
12/25/2016;05:00:00;8.16183096813521
12/25/2016;06:00:00;8.12952448336161
12/25/2016;07:00:00;8.0388823399834
12/25/2016;08:00:00;8.05208274795782
12/25/2016;09:00:00;8.06254120310562
12/25/2016;10:00:00;8.06906524794986
12/25/2016;11:00:00;8.10263191993406
12/25/2016;12:00:00;8.11271217200771
12/25/2016;13:00:00;8.18366430301378
12/25/2016;14:00:00;8.16425085669046
12/25/2016;15:00:00;8.13581792604728
12/25/2016;16:00:00;8.13196098913752
12/25/2016;17:00:00;8.18951406143951
12/25/2016;18:00:00;8.09264379177382
12/25/2016;19:00:00;8.11684926554834
12/25/2016;20:00:00;8.11509225164067
12/25/2016;21:00:00;8.10603770590382
12/25/2016;22:00:00;8.16794158656174
12/25/2016;23:00:00;8.20558922288575
12/26/2016;00:00:00;8.20331129276095
12/26/2016;01:00:00;8.1929482181717
12/26/2016;02:00:00;8.22068095481524
12/26/2016;03:00:00;8.23411303252543
12/26/2016;04:00:00;8.20379839367375
12/26/2016;05:00:00;8.16845946070769
12/26/2016;06:00:00;8.25776070406742
12/26/2016;07:00:00;8.14976800088321
12/26/2016;08:00:00;8.14862157660495
12/26/2016;09:00:00;8.15136664476111
12/26/2016;10:00:00;8.173318016438
12/26/2016;11:00:00;8.13413458460785
12/26/2016;12:00:00;8.17315591550269
12/26/2016;13:00:00;8.16627763430928
12/26/2016;14:00:00;8.13013754720769
12/26/2016;15:00:00;8.09287707068144
12/26/2016;16:00:00;8.05000574276798
12/26/2016;17:00:00;7.95626688104937
12/26/2016;18:00:00;8.06459738396389
12/26/2016;19:00:00;8.02223193563231
12/26/2016;20:00:00;8.0576720036629
12/26/2016;21:00:00;8.0132764380513
12/26/2016;22:00:00;7.91855147720399
12/26/2016;23:00:00;7.96611777796977
12/27/2016;00:00:00;7.93827624897652
12/27/2016;01:00:00;7.93349871152297
12/27/2016;02:00:00;7.4839446557767
12/27/2016;03:00:00;7.41281248259846
12/27/2016;04:00:00;7.41588977121153
12/27/2016;05:00:00;7.40147404201234
12/27/2016;06:00:00;7.38471529321379
12/27/2016;07:00:00;7.38664887839909
12/27/2016;08:00:00;7.39472654582441
12/27/2016;09:00:00;7.33734302417105
12/27/2016;10:00:00;7.2868346082254
12/27/2016;11:00:00;7.29430311577621
12/27/2016;12:00:00;7.31295439194144
12/27/2016;13:00:00;7.38817110279426
12/27/2016;14:00:00;7.47127001077547
12/27/2016;15:00:00;7.32839620199219
12/27/2016;16:00:00;7.28474304935397
12/27/2016;17:00:00;7.3702778721644
12/27/2016;18:00:00;7.40853598098519
12/27/2016;19:00:00;7.66074485192314
12/27/2016;20:00:00;7.66581815133235
12/27/2016;21:00:00;7.54253431582458
12/27/2016;22:00:00;7.66610238329557
12/27/2016;23:00:00;7.65746325839811
12/28/2016;00:00:00;7.65922254403776
12/28/2016;01:00:00;7.61123358136736
12/28/2016;02:00:00;7.61525415725614
12/28/2016;03:00:00;7.68181984105082
12/28/2016;04:00:00;7.70180183510259
12/28/2016;05:00:00;7.6963270911484
12/28/2016;06:00:00;7.65622866122097
12/28/2016;07:00:00;7.59622110137168
12/28/2016;08:00:00;7.45425062140369
12/28/2016;09:00:00;7.50735601171556
12/28/2016;10:00:00;7.60900256046437
12/28/2016;11:00:00;7.65173068445192
12/28/2016;12:00:00;7.69751418770393
12/28/2016;13:00:00;7.73882295053396
12/28/2016;14:00:00;7.81479638266578
12/28/2016;15:00:00;7.7415696130914
12/28/2016;16:00:00;7.68559835900497
12/28/2016;17:00:00;7.57027383090441
12/28/2016;18:00:00;7.58069867667446
12/28/2016;19:00:00;7.9195299199661
12/28/2016;20:00:00;7.77536667974756
12/28/2016;21:00:00;7.72937365708927
12/28/2016;22:00:00;7.67788260909654
12/28/2016;23:00:00;7.56170253815081
12/29/2016;00:00:00;7.56829765755236
12/29/2016;01:00:00;7.58113582989703
12/29/2016;02:00:00;7.64850096650774
12/29/2016;03:00:00;7.72256839957464
12/29/2016;04:00:00;7.75048460536475
12/29/2016;05:00:00;7.80871499211612
12/29/2016;06:00:00;7.90651976750211
12/29/2016;07:00:00;7.93030747794045
12/29/2016;08:00:00;7.96658904143336
12/29/2016;09:00:00;7.98107154555455
12/29/2016;10:00:00;7.9890044932606
12/29/2016;11:00:00;8.03626595924033
12/29/2016;12:00:00;8.13439441528379
12/29/2016;13:00:00;8.23837734367882
12/29/2016;14:00:00;8.4279860175
12/29/2016;15:00:00;8.49420028352121
12/29/2016;16:00:00;7.90705425346904
12/29/2016;17:00:00;7.82082561684679
12/29/2016;18:00:00;7.75099000671398
12/29/2016;19:00:00;7.66863647681456
12/29/2016;20:00:00;7.7476133771234
12/29/2016;21:00:00;7.85528553205501
12/29/2016;22:00:00;7.88957647714503
12/29/2016;23:00:00;7.91881513637352
12/30/2016;00:00:00;7.89828668437768
12/30/2016;01:00:00;7.91523768100833
12/30/2016;02:00:00;7.91663327659326
12/30/2016;03:00:00;7.8681158337991
12/30/2016;04:00:00;7.87626621280614
12/30/2016;05:00:00;7.93306902571085
12/30/2016;06:00:00;7.88690610556773
12/30/2016;07:00:00;7.7548328407835
12/30/2016;08:00:00;7.58989902101487
12/30/2016;09:00:00;7.54541904406416
12/30/2016;10:00:00;7.56526127702053
12/30/2016;11:00:00;7.64299156293558
12/30/2016;12:00:00;7.63069556601503
12/30/2016;13:00:00;7.63934476604259
12/30/2016;14:00:00;7.64547611877775
12/30/2016;15:00:00;7.61295006831363
12/30/2016;16:00:00;7.62481156989116
12/30/2016;17:00:00;7.58383093066032
12/30/2016;18:00:00;7.52978920130559
12/30/2016;19:00:00;7.51269724150485
12/30/2016;20:00:00;7.48055752324809
12/30/2016;21:00:00;7.4689185369382
12/30/2016;22:00:00;7.41050896079215
12/30/2016;23:00:00;7.39344423740455
12/31/2016;00:00:00;7.4664812876524
12/31/2016;01:00:00;7.42691217558288
12/31/2016;02:00:00;7.44248268290382
12/31/2016;03:00:00;7.41583125014494
12/31/2016;04:00:00;7.4794337263464
12/31/2016;05:00:00;7.42540611472998
12/31/2016;06:00:00;7.47169789283303
12/31/2016;07:00:00;7.44091209192718
12/31/2016;08:00:00;7.41940669718788
12/31/2016;09:00:00;7.42534632191449
12/31/2016;10:00:00;7.43943660140682
12/31/2016;11:00:00;7.47333461104616
12/31/2016;12:00:00;7.48227401242202
12/31/2016;13:00:00;7.498719236416
12/31/2016;14:00:00;7.45324766771795
12/31/2016;15:00:00;7.4520937302073
12/31/2016;16:00:00;7.39080186807653
12/31/2016;17:00:00;7.43080469788655
12/31/2016;18:00:00;7.37791011609578
12/31/2016;19:00:00;7.35209173737164
12/31/2016;20:00:00;7.39761179057923
12/31/2016;21:00:00;7.32679239524256
12/31/2016;22:00:00;7.28513059157201
12/31/2016;23:00:00;7.37807785361053
01/01/2017;00:00:00;7.40612967274283
01/01/2017;01:00:00;7.43990867715429
01/01/2017;02:00:00;7.44973404897868
01/01/2017;03:00:00;7.46707564532847
01/01/2017;04:00:00;7.51172352374212
01/01/2017;05:00:00;7.51334059764248
01/01/2017;06:00:00;7.56769904385726
01/01/2017;07:00:00;7.60770330526639
01/01/2017;08:00:00;7.57936516519306
01/01/2017;09:00:00;7.64626187969189
01/01/2017;10:00:00;7.71040139231451
01/01/2017;11:00:00;7.58482228786456
01/01/2017;12:00:00;7.6747259873734
01/01/2017;13:00:00;7.64460735800363
01/01/2017;14:00:00;7.51625490486637
01/01/2017;15:00:00;7.50279129276589
01/01/2017;16:00:00;7.513763198423
01/01/2017;17:00:00;7.51656420682829
01/01/2017;18:00:00;7.45266085370865
01/01/2017;19:00:00;7.43977818130498
01/01/2017;20:00:00;7.4611736079887
01/01/2017;21:00:00;7.47853505993567
01/01/2017;22:00:00;7.5116017559953
01/01/2017;23:00:00;7.48547084938785
01/02/2017;00:00:00;7.49013297088546
01/02/2017;01:00:00;7.493251311323
01/02/2017;02:00:00;7.47037393746309
01/02/2017;03:00:00;7.47615961551958
01/02/2017;04:00:00;7.47008285780701
01/02/2017;05:00:00;7.45453774628223
01/02/2017;06:00:00;7.38545883715572
01/02/2017;07:00:00;7.32583662717555
01/02/2017;08:00:00;7.37535498434804
01/02/2017;09:00:00;7.33816296763318
01/02/2017;10:00:00;7.2743749544297
01/02/2017;11:00:00;7.29543511669854
01/02/2017;12:00:00;7.36511208758767
01/02/2017;13:00:00;7.38382973147028
01/02/2017;14:00:00;7.45564337410462
01/02/2017;15:00:00;7.44578601125759
01/02/2017;16:00:00;7.41894531540037
01/02/2017;17:00:00;7.40428912456051
01/02/2017;18:00:00;7.5533197767749
01/02/2017;19:00:00;7.64550982310526
01/02/2017;20:00:00;7.54524024472768
01/02/2017;21:00:00;7.47092044538644
01/02/2017;22:00:00;7.5321095419138
01/02/2017;23:00:00;7.51449412215395
01/03/2017;00:00:00;7.42585549969819
01/03/2017;01:00:00;7.39712289693909
01/03/2017;02:00:00;7.41132321864172
01/03/2017;03:00:00;7.38472985967614
01/03/2017;04:00:00;7.36068021561243
01/03/2017;05:00:00;7.38144533692258
01/03/2017;06:00:00;7.39459833452376
01/03/2017;07:00:00;7.31133642722043
01/03/2017;08:00:00;7.39246563816689
01/03/2017;09:00:00;7.50843285829702
01/03/2017;10:00:00;7.58684383763798
01/03/2017;11:00:00;7.57843210133151
01/03/2017;12:00:00;7.65649334788634
01/03/2017;13:00:00;7.57745476776844
01/03/2017;14:00:00;7.51503340765389
01/03/2017;15:00:00;7.61687868820486
01/03/2017;16:00:00;7.5873563620736
01/03/2017;17:00:00;7.57140004156172
01/03/2017;18:00:00;7.53318550574454
01/03/2017;19:00:00;7.55999855923508
01/03/2017;20:00:00;7.5266142524981
01/03/2017;21:00:00;7.44214523455365
01/03/2017;22:00:00;7.37525955794296
01/03/2017;23:00:00;7.33687691762992
01/04/2017;00:00:00;7.31452861174861
01/04/2017;01:00:00;7.28208192178001
01/04/2017;02:00:00;7.31763212169397
01/04/2017;03:00:00;7.39183850895708
01/04/2017;04:00:00;7.46775166303123
01/04/2017;05:00:00;7.47308217001794
01/04/2017;06:00:00;7.46290116772634
01/04/2017;07:00:00;7.55476679485314
01/04/2017;08:00:00;7.5873747722713
01/04/2017;09:00:00;7.60824604909127
01/04/2017;10:00:00;7.55796949848562
01/04/2017;11:00:00;7.46038344998247
01/04/2017;12:00:00;7.24619910793279
01/04/2017;13:00:00;7.21979932375175
01/04/2017;14:00:00;7.24639326568078
01/04/2017;15:00:00;7.25978910045209
01/04/2017;16:00:00;7.23684288818243
01/04/2017;17:00:00;7.31452995958976
01/04/2017;18:00:00;7.53304721843624
01/04/2017;19:00:00;7.39350269358945
01/04/2017;20:00:00;7.43534236701305
01/04/2017;21:00:00;7.34244119854633
01/04/2017;22:00:00;7.32309527760454
01/04/2017;23:00:00;7.31496261725193
01/05/2017;00:00:00;7.35169195772563
01/05/2017;01:00:00;7.44587047223451
01/05/2017;02:00:00;7.52145230928261
01/05/2017;03:00:00;7.52841170119933
01/05/2017;04:00:00;7.52885925310258
01/05/2017;05:00:00;7.51048710601598
01/05/2017;06:00:00;7.56596183190006
01/05/2017;07:00:00;7.53814609228855
01/05/2017;08:00:00;7.55294889948331
01/05/2017;09:00:00;7.48806945293577
01/05/2017;10:00:00;7.50622632606893
01/05/2017;11:00:00;7.53649879807953
01/05/2017;12:00:00;7.50087652652262
01/05/2017;13:00:00;7.56338405764879
01/05/2017;14:00:00;7.55233791737282
01/05/2017;15:00:00;7.66756713811188
01/05/2017;16:00:00;7.57055002683723
01/05/2017;17:00:00;7.59422989580929
01/05/2017;18:00:00;7.76135984453287
01/05/2017;19:00:00;8.13488025491454
01/05/2017;20:00:00;8.29200386335836
01/05/2017;21:00:00;8.2854882587029
01/05/2017;22:00:00;8.39476363202791
01/05/2017;23:00:00;8.43146098393533
01/06/2017;00:00:00;8.46444143631939
01/06/2017;01:00:00;8.33321828712485
01/06/2017;02:00:00;8.28110466280098
01/06/2017;03:00:00;8.21477240228209
01/06/2017;04:00:00;7.86992539859353
01/06/2017;05:00:00;7.51118193725155
01/06/2017;06:00:00;7.6254339234419
01/06/2017;07:00:00;7.60341006554956
01/06/2017;08:00:00;7.57529475098965
01/06/2017;09:00:00;7.61048610813919
01/06/2017;10:00:00;7.61899025841891
01/06/2017;11:00:00;7.55780266513702
01/06/2017;12:00:00;7.60061389210834
01/06/2017;13:00:00;7.61661966590104
01/06/2017;14:00:00;7.68454757402091
01/06/2017;15:00:00;7.61383832025276
01/06/2017;16:00:00;7.58434385146959
01/06/2017;17:00:00;7.64588623476046
01/06/2017;18:00:00;7.66916577101543
01/06/2017;19:00:00;7.62810803352027
01/06/2017;20:00:00;7.58514952667962
01/06/2017;21:00:00;7.57567421364683
01/06/2017;22:00:00;7.58773834416342
01/06/2017;23:00:00;7.5702666152099
01/07/2017;00:00:00;7.59934817069409
01/07/2017;01:00:00;7.59326661117075
01/07/2017;02:00:00;7.60046787159546
01/07/2017;03:00:00;7.65172373975657
01/07/2017;04:00:00;7.9210116499343
01/07/2017;05:00:00;7.91672784798762
01/07/2017;06:00:00;8.0459149796934
01/07/2017;07:00:00;7.89174303804282
01/07/2017;08:00:00;7.84871742914897
01/07/2017;09:00:00;7.75755350689795
01/07/2017;10:00:00;7.61983281844125
01/07/2017;11:00:00;7.69635799092503
01/07/2017;12:00:00;7.64773930724076
01/07/2017;13:00:00;7.57837515491691
01/07/2017;14:00:00;7.69300974630521
01/07/2017;15:00:00;7.81660635320375
01/07/2017;16:00:00;7.54373998863329
01/07/2017;17:00:00;7.42161360888208
01/07/2017;18:00:00;7.42574532230661
01/07/2017;19:00:00;7.46531119514473
01/07/2017;20:00:00;7.47514531664413
01/07/2017;21:00:00;7.61183419654291
01/07/2017;22:00:00;7.63957837853934
01/07/2017;23:00:00;7.65772952176424
01/08/2017;00:00:00;7.74263951017813
01/08/2017;01:00:00;7.79737716994629
01/08/2017;02:00:00;7.83082211291053
01/08/2017;03:00:00;7.80545579302088
01/08/2017;04:00:00;7.79034966089264
01/08/2017;05:00:00;7.64311075505913
01/08/2017;06:00:00;7.91011882572602
01/08/2017;07:00:00;8.03046641290089
01/08/2017;08:00:00;8.16018161737822
01/08/2017;09:00:00;8.03624302279407
01/08/2017;10:00:00;7.99062812471381
01/08/2017;11:00:00;7.97230144634342
01/08/2017;12:00:00;8.078219589118
01/08/2017;13:00:00;7.81529169037645
01/08/2017;14:00:00;7.89303522304242
01/08/2017;15:00:00;7.97181208488408
01/08/2017;16:00:00;8.01743914663868
01/08/2017;17:00:00;7.95843350181689
01/08/2017;18:00:00;7.79474613604689
01/08/2017;19:00:00;7.65607374206297
01/08/2017;20:00:00;7.74574949471567
01/08/2017;21:00:00;7.78322281083828
01/08/2017;22:00:00;7.65236894712332
01/08/2017;23:00:00;7.60482828261838
01/09/2017;00:00:00;7.8035136744286
01/09/2017;01:00:00;7.84600139926783
01/09/2017;02:00:00;7.84684093126902
01/09/2017;03:00:00;7.9180196745041
01/09/2017;04:00:00;8.0004439687493
01/09/2017;05:00:00;8.06917707703972
01/09/2017;06:00:00;8.0736657290376
01/09/2017;07:00:00;8.06131813193822
01/09/2017;08:00:00;8.12435789875828
01/09/2017;09:00:00;7.82108276168265
01/09/2017;10:00:00;7.10946218507778
01/09/2017;11:00:00;7.12098172494389
01/09/2017;12:00:00;7.36819027390441
01/09/2017;13:00:00;7.09427011674998
01/09/2017;14:00:00;7.1365983373537
01/09/2017;15:00:00;7.23256006897755
01/09/2017;16:00:00;7.16007055213122
01/09/2017;17:00:00;7.71121882257641
01/09/2017;18:00:00;7.79678307466596
01/09/2017;19:00:00;7.81142369579574
01/09/2017;20:00:00;7.91842553246244
01/09/2017;21:00:00;7.70843571425974
01/09/2017;22:00:00;7.75194718157455
01/09/2017;23:00:00;7.99214734659724
01/10/2017;00:00:00;7.90445318681085
01/10/2017;01:00:00;7.84103817297815
01/10/2017;02:00:00;7.82142412596523
01/10/2017;03:00:00;7.83947507174462
01/10/2017;04:00:00;7.68403384698864
01/10/2017;05:00:00;7.69574262529874
01/10/2017;06:00:00;7.80749591672419
01/10/2017;07:00:00;7.80089431067041
01/10/2017;08:00:00;7.83839985572925
01/10/2017;09:00:00;7.97519552249338
01/10/2017;10:00:00;7.98375937205072
01/10/2017;11:00:00;7.93504857863362
01/10/2017;12:00:00;7.9127500111121
01/10/2017;13:00:00;7.80247294576955
01/10/2017;14:00:00;7.84891833333631
01/10/2017;15:00:00;7.80253640745644
01/10/2017;16:00:00;7.71067395046494
01/10/2017;17:00:00;7.68556054608583
01/10/2017;18:00:00;7.62557418352676
01/10/2017;19:00:00;7.96476582300347
01/10/2017;20:00:00;7.74826145359653
01/10/2017;21:00:00;7.62837080234121
01/10/2017;22:00:00;7.65920440673491
01/10/2017;23:00:00;7.61111389509521
01/11/2017;00:00:00;7.73933404028213
01/11/2017;01:00:00;7.87215078217756
01/11/2017;02:00:00;7.76902293756791
01/11/2017;03:00:00;7.57410001802351
01/11/2017;04:00:00;7.59303804699085
01/11/2017;05:00:00;7.7145536863599
01/11/2017;06:00:00;7.75351681105691
01/11/2017;07:00:00;7.82022186616306
01/11/2017;08:00:00;7.83205545746043
01/11/2017;09:00:00;7.49912020685503
01/11/2017;10:00:00;7.43154815644176
01/11/2017;11:00:00;7.43925758199321
01/11/2017;12:00:00;7.25400823943118
01/11/2017;13:00:00;7.4924647630592
01/11/2017;14:00:00;7.38990101374878
01/11/2017;15:00:00;7.20866104466298
01/11/2017;16:00:00;7.27033170414191
01/11/2017;17:00:00;7.23787403260022
01/11/2017;18:00:00;7.19190544453004
01/11/2017;19:00:00;7.20768051376734
01/11/2017;20:00:00;7.30170882049264
01/11/2017;21:00:00;7.14076349572561
01/11/2017;22:00:00;7.1094131690541
01/11/2017;23:00:00;7.15060969577835
01/12/2017;00:00:00;7.12245949073008
01/12/2017;01:00:00;7.11975068642125
01/12/2017;02:00:00;7.11569683381892
01/12/2017;03:00:00;7.16041631180437
01/12/2017;04:00:00;7.19709732714227
01/12/2017;05:00:00;7.23065822313172
01/12/2017;06:00:00;7.28461399983785
01/12/2017;07:00:00;7.25314723046159
01/12/2017;08:00:00;7.20159562126125
01/12/2017;09:00:00;7.24437695369045
01/12/2017;10:00:00;7.26891128655039
01/12/2017;11:00:00;7.22320163029158
01/12/2017;12:00:00;7.24056643378911
01/12/2017;13:00:00;7.23929008726226
01/12/2017;14:00:00;7.24284974713619
01/12/2017;15:00:00;7.25732419052827
01/12/2017;16:00:00;7.22013292905197
01/12/2017;17:00:00;7.23624921504919
01/12/2017;18:00:00;7.25423954824622
01/12/2017;19:00:00;7.27299872099183
01/12/2017;20:00:00;7.20862183077035
01/12/2017;21:00:00;7.27488200967738
01/12/2017;22:00:00;7.32398440373523
01/12/2017;23:00:00;7.23282678694211
01/13/2017;00:00:00;7.18858079393911
01/13/2017;01:00:00;7.19523873270242
01/13/2017;02:00:00;7.21200937823723
01/13/2017;03:00:00;7.28407276151351
01/13/2017;04:00:00;7.34446928757763
01/13/2017;05:00:00;7.38360745669208
01/13/2017;06:00:00;7.30145246679473
01/13/2017;07:00:00;7.25065196018159
01/13/2017;08:00:00;7.19975342899738
01/13/2017;09:00:00;7.1876854946349
01/13/2017;10:00:00;7.13561183748481
01/13/2017;11:00:00;7.1859021327649
01/13/2017;12:00:00;7.23329832130304
01/13/2017;13:00:00;7.29229943763168
01/13/2017;14:00:00;7.37600352047689
01/13/2017;15:00:00;7.42518615509006
01/13/2017;16:00:00;7.30776032807143
01/13/2017;17:00:00;7.33411312284189
01/13/2017;18:00:00;7.34363039604975
01/13/2017;19:00:00;7.31581629377205
01/13/2017;20:00:00;7.29799467535953
01/13/2017;21:00:00;7.30448211302092
01/13/2017;22:00:00;7.2970588893701
01/13/2017;23:00:00;7.25864351588958
01/14/2017;00:00:00;7.19636792599841
01/14/2017;01:00:00;7.2303972793969
01/14/2017;02:00:00;7.22081815022192
01/14/2017;03:00:00;7.23217113891378
01/14/2017;04:00:00;7.26422331254561
01/14/2017;05:00:00;7.23675460281522
01/14/2017;06:00:00;7.32795635955759
01/14/2017;07:00:00;7.27031104054547
01/14/2017;08:00:00;7.25427414961506
01/14/2017;09:00:00;7.31783545714954
01/14/2017;10:00:00;7.27050474132567
01/14/2017;11:00:00;7.2983775157251
01/14/2017;12:00:00;7.23643025098114
01/14/2017;13:00:00;7.21119427202832
01/14/2017;14:00:00;7.25944656065812
01/14/2017;15:00:00;7.34469184765345
01/14/2017;16:00:00;7.405740790473
01/14/2017;17:00:00;7.40979990599049
01/14/2017;18:00:00;7.31591917575207
01/14/2017;19:00:00;7.28630599168663
01/14/2017;20:00:00;7.27373377782246
01/14/2017;21:00:00;7.30352051589546
01/14/2017;22:00:00;7.32061848384747
01/14/2017;23:00:00;7.32354052220574
01/15/2017;00:00:00;7.4000584919464
01/15/2017;01:00:00;7.4612553324348
01/15/2017;02:00:00;7.43382229073453
01/15/2017;03:00:00;7.42666433261714
01/15/2017;04:00:00;7.49278909640653
01/15/2017;05:00:00;7.46085476425944
01/15/2017;06:00:00;7.47252455075289
01/15/2017;07:00:00;7.4295720337534
01/15/2017;08:00:00;7.44500499081682
01/15/2017;09:00:00;7.50827137986977
01/15/2017;10:00:00;7.4295376487459
01/15/2017;11:00:00;7.42382347981782
01/15/2017;12:00:00;7.64303668449919
01/15/2017;13:00:00;7.49603721357539
01/15/2017;14:00:00;7.4737885266498
01/15/2017;15:00:00;7.63754454504324
01/15/2017;16:00:00;7.62540926676355
01/15/2017;17:00:00;7.5569952490677
01/15/2017;18:00:00;7.72159576251012
01/15/2017;19:00:00;7.7609413385979
01/15/2017;20:00:00;7.67195082166309
01/15/2017;21:00:00;7.55742270181248
01/15/2017;22:00:00;7.66749196375821
01/15/2017;23:00:00;7.64620027745856
01/16/2017;00:00:00;7.70691846591742
01/16/2017;01:00:00;7.62222194884358
01/16/2017;02:00:00;7.63315379668353
01/16/2017;03:00:00;7.52387818983757
01/16/2017;04:00:00;7.49648909679013
01/16/2017;05:00:00;7.38449627506348
01/16/2017;06:00:00;7.3504690704763
01/16/2017;07:00:00;7.47175902259337
01/16/2017;08:00:00;7.30572147695876
01/16/2017;09:00:00;7.23116428857432
01/16/2017;10:00:00;7.22873268367957
01/16/2017;11:00:00;7.19191675277898
01/16/2017;12:00:00;7.3064280522817
01/16/2017;13:00:00;7.35186231884936
01/16/2017;14:00:00;7.35215146032012
01/16/2017;15:00:00;7.20256942579527
01/16/2017;16:00:00;7.1327992028276
01/16/2017;17:00:00;7.21117586456776
01/16/2017;18:00:00;7.15621116131797
01/16/2017;19:00:00;7.25674467002882
01/16/2017;20:00:00;7.23936965916088
01/16/2017;21:00:00;7.23318224781417
01/16/2017;22:00:00;7.09760901638922
01/16/2017;23:00:00;7.09169743537795
01/17/2017;00:00:00;7.06812120143199
01/17/2017;01:00:00;7.08662078863401
01/17/2017;02:00:00;7.05856230429503
01/17/2017;03:00:00;7.06175672046639
01/17/2017;04:00:00;7.15115313676317
01/17/2017;05:00:00;7.14539836544901
01/17/2017;06:00:00;7.1110534646431
01/17/2017;07:00:00;7.11854322178324
01/17/2017;08:00:00;7.09182961359284
01/17/2017;09:00:00;7.13467683871626
01/17/2017;10:00:00;7.1286544929405
01/17/2017;11:00:00;7.12919373205929
01/17/2017;12:00:00;7.11089122511319
01/17/2017;13:00:00;7.12910722809005
01/17/2017;14:00:00;7.17454349999408
01/17/2017;15:00:00;7.23755525662424
01/17/2017;16:00:00;7.18843738423688
01/17/2017;17:00:00;7.17824572366216
01/17/2017;18:00:00;7.22447668311322
01/17/2017;19:00:00;7.22873013184233
01/17/2017;20:00:00;7.2512264109676
01/17/2017;21:00:00;7.29223440260819
01/17/2017;22:00:00;7.2684464052206
01/17/2017;23:00:00;7.24860442774804
01/18/2017;00:00:00;7.22036573514397
01/18/2017;01:00:00;7.20577186241558
01/18/2017;02:00:00;7.25810990457032
01/18/2017;03:00:00;7.22925696823802
01/18/2017;04:00:00;7.33504416510866
01/18/2017;05:00:00;7.24327435435253
01/18/2017;06:00:00;7.24683196767502
01/18/2017;07:00:00;7.13172619938502
01/18/2017;08:00:00;7.09705565726277
01/18/2017;09:00:00;7.11986420203328
01/18/2017;10:00:00;7.09586519752098
01/18/2017;11:00:00;7.14276215830709
01/18/2017;12:00:00;7.11757925081019
01/18/2017;13:00:00;7.20555778082062
01/18/2017;14:00:00;7.21874573562593
01/18/2017;15:00:00;7.15149770594877
01/18/2017;16:00:00;7.18404540213882
01/18/2017;17:00:00;7.18817857340591
01/18/2017;18:00:00;7.0483269857597
01/18/2017;19:00:00;6.99996860360318
01/18/2017;20:00:00;7.00614386308973
01/18/2017;21:00:00;7.07555115883912
01/18/2017;22:00:00;7.00836248204017
01/18/2017;23:00:00;7.03923713868521
01/19/2017;00:00:00;7.07097377425205
01/19/2017;01:00:00;7.04450045972071
01/19/2017;02:00:00;7.03244029514684
01/19/2017;03:00:00;7.03238812820218
01/19/2017;04:00:00;6.97920851502709
01/19/2017;05:00:00;6.95444116985012
01/19/2017;06:00:00;6.9351514928007
01/19/2017;07:00:00;6.96186733082976
01/19/2017;08:00:00;6.93782215187957
01/19/2017;09:00:00;6.91077149801731
01/19/2017;10:00:00;7.06320943992914
01/19/2017;11:00:00;7.00805638397506
01/19/2017;12:00:00;7.05149509115318
01/19/2017;13:00:00;7.09795296067202
01/19/2017;14:00:00;7.06394385811076
01/19/2017;15:00:00;7.02577157890987
01/19/2017;16:00:00;7.13011517056068
01/19/2017;17:00:00;7.1761777855102
01/19/2017;18:00:00;7.11893253901651
01/19/2017;19:00:00;7.06911463831486
01/19/2017;20:00:00;7.05709126871701
01/19/2017;21:00:00;7.02516993093796
01/19/2017;22:00:00;7.16036192402041
01/19/2017;23:00:00;7.14845702583733
01/20/2017;00:00:00;7.20238505413291
01/20/2017;01:00:00;7.13233853650322
01/20/2017;02:00:00;7.11352573411231
01/20/2017;03:00:00;7.1164749319968
01/20/2017;04:00:00;7.20256871449918
01/20/2017;05:00:00;7.19482831449143
01/20/2017;06:00:00;7.13124611847724
01/20/2017;07:00:00;7.15772198432512
01/20/2017;08:00:00;7.23958691773187
01/20/2017;09:00:00;7.18885642545935
01/20/2017;10:00:00;7.07155997259903
01/20/2017;11:00:00;7.15373207335192
01/20/2017;12:00:00;7.24279773383751
01/20/2017;13:00:00;7.15668804861924
01/20/2017;14:00:00;7.13805199486715
01/20/2017;15:00:00;7.15650681447319
01/20/2017;16:00:00;7.09451619641473
01/20/2017;17:00:00;7.07578551044981
01/20/2017;18:00:00;7.17838761296751
01/20/2017;19:00:00;7.22254603744297
01/20/2017;20:00:00;7.17811836816032
01/20/2017;21:00:00;7.12016203533957
01/20/2017;22:00:00;7.17536677346919
01/20/2017;23:00:00;7.26978517336109
01/21/2017;00:00:00;7.13839582905583
01/21/2017;01:00:00;7.14768730876659
01/21/2017;02:00:00;7.13087557544809
01/21/2017;03:00:00;7.10067931628091
01/21/2017;04:00:00;7.065883675161
01/21/2017;05:00:00;7.0477237955586
01/21/2017;06:00:00;7.03016597601437
01/21/2017;07:00:00;7.04237018295666
01/21/2017;08:00:00;6.96165262300709
01/21/2017;09:00:00;6.94796454808371
01/21/2017;10:00:00;6.9840156326876
01/21/2017;11:00:00;7.05579524214741
01/21/2017;12:00:00;6.96924006951089
01/21/2017;13:00:00;7.09485682569771
01/21/2017;14:00:00;7.2026001420123
01/21/2017;15:00:00;7.1386211859005
01/21/2017;16:00:00;7.11421446926022
01/21/2017;17:00:00;7.12741232435843
01/21/2017;18:00:00;7.1535079335397
01/21/2017;19:00:00;7.16370720912858
01/21/2017;20:00:00;7.20568200921183
01/21/2017;21:00:00;7.45251181532665
01/21/2017;22:00:00;7.51449361070303
01/21/2017;23:00:00;7.49245075558693
01/22/2017;00:00:00;7.51167881412901
01/22/2017;01:00:00;7.52603711787821
01/22/2017;02:00:00;7.64581341295072
01/22/2017;03:00:00;7.55523561360969
01/22/2017;04:00:00;7.38731930374595
01/22/2017;05:00:00;7.34139924111557
01/22/2017;06:00:00;7.22631372624435
01/22/2017;07:00:00;7.15460197043332
01/22/2017;08:00:00;7.2137342600732
01/22/2017;09:00:00;7.29288039464408
01/22/2017;10:00:00;7.38194563241989
01/22/2017;11:00:00;7.36235578140283
01/22/2017;12:00:00;7.18484117902735
01/22/2017;13:00:00;7.15843641087355
01/22/2017;14:00:00;7.19198126633935
01/22/2017;15:00:00;7.30757888724212
01/22/2017;16:00:00;7.22245575068374
01/22/2017;17:00:00;7.17581165278053
01/22/2017;18:00:00;7.22713127085012
01/22/2017;19:00:00;7.16157289539237
01/22/2017;20:00:00;7.27130256365983
01/22/2017;21:00:00;7.38832541211729
01/22/2017;22:00:00;7.30129938833478
01/22/2017;23:00:00;7.21806089716749
01/23/2017;00:00:00;7.17746606507848
01/23/2017;01:00:00;7.20080299451966
01/23/2017;02:00:00;7.19043660847501
01/23/2017;03:00:00;7.16406433271226
01/23/2017;04:00:00;7.18848281377532
01/23/2017;05:00:00;7.19971082830912
01/23/2017;06:00:00;7.23367027478091
01/23/2017;07:00:00;7.20357581281215
01/23/2017;08:00:00;7.18444769649842
01/23/2017;09:00:00;7.17603738288295
01/23/2017;10:00:00;7.12922643238722
01/23/2017;11:00:00;7.21308668364566
01/23/2017;12:00:00;7.38529085921058
01/23/2017;13:00:00;7.39894969352983
01/23/2017;14:00:00;7.5031627313073
01/23/2017;15:00:00;7.59625065815171
01/23/2017;16:00:00;7.47619399461418
01/23/2017;17:00:00;7.41422015892128
01/23/2017;18:00:00;7.34831532783252
01/23/2017;19:00:00;7.34873688515556
01/23/2017;20:00:00;7.38934996794079
01/23/2017;21:00:00;7.26018363017796
01/23/2017;22:00:00;7.26372174857083
01/23/2017;23:00:00;7.2023066698051
01/24/2017;00:00:00;7.25541183226254
01/24/2017;01:00:00;7.31806776020218
01/24/2017;02:00:00;7.30600217295679
01/24/2017;03:00:00;7.30574513511179
01/24/2017;04:00:00;7.26747448515383
01/24/2017;05:00:00;7.20210954974931
01/24/2017;06:00:00;7.1770866499623
01/24/2017;07:00:00;7.20888820348713
01/24/2017;08:00:00;7.14574079042793
01/24/2017;09:00:00;7.28318389222784
01/24/2017;10:00:00;7.43518546384224
01/24/2017;11:00:00;7.37880145117099
01/24/2017;12:00:00;7.3727132224709
01/24/2017;13:00:00;7.35596836065083
01/24/2017;14:00:00;7.27766920860253
01/24/2017;15:00:00;7.1847425744315
01/24/2017;16:00:00;7.13857201473084
01/24/2017;17:00:00;7.16019873594611
01/24/2017;18:00:00;7.1594443305865
01/24/2017;19:00:00;7.16746333423139
01/24/2017;20:00:00;7.19956827303907
01/24/2017;21:00:00;7.20772139353957
01/24/2017;22:00:00;7.228327919514
01/24/2017;23:00:00;7.24361910668391
01/25/2017;00:00:00;7.29700874520998
01/25/2017;01:00:00;7.3065576239136
01/25/2017;02:00:00;7.27830658667152
01/25/2017;03:00:00;7.30635654456714
01/25/2017;04:00:00;7.28526951867889
01/25/2017;05:00:00;7.30034477150589
01/25/2017;06:00:00;7.34842201869803
01/25/2017;07:00:00;7.35204143588339
01/25/2017;08:00:00;7.3259147776346
01/25/2017;09:00:00;7.31767835433723
01/25/2017;10:00:00;7.32003751290043
01/25/2017;11:00:00;7.30136926478353
01/25/2017;12:00:00;7.3314057643677
01/25/2017;13:00:00;7.37075170115493
01/25/2017;14:00:00;7.37235284499156
01/25/2017;15:00:00;7.37218139371891
01/25/2017;16:00:00;7.47106378889232
01/25/2017;17:00:00;7.46559918324012
01/25/2017;18:00:00;7.43980588435209
01/25/2017;19:00:00;7.43047511194561
01/25/2017;20:00:00;7.4000783900676
01/25/2017;21:00:00;7.38810481794427
01/25/2017;22:00:00;7.34175719064851
01/25/2017;23:00:00;7.25526412488132
01/26/2017;00:00:00;7.22981758355945
01/26/2017;01:00:00;7.22730002664794
01/26/2017;02:00:00;7.30302726696857
01/26/2017;03:00:00;7.25494805054589
01/26/2017;04:00:00;7.29800661790148
01/26/2017;05:00:00;7.26725817121527
01/26/2017;06:00:00;7.36338686473633
01/26/2017;07:00:00;7.34274636885223
01/26/2017;08:00:00;7.31221882954527
01/26/2017;09:00:00;7.37455831373452
01/26/2017;10:00:00;7.41985671823438
01/26/2017;11:00:00;7.3598213795989
01/26/2017;12:00:00;7.33432428669603
01/26/2017;13:00:00;7.36572417532568
01/26/2017;14:00:00;7.30858455245773
01/26/2017;15:00:00;7.30678086981637
01/26/2017;16:00:00;7.31400705532696
01/26/2017;17:00:00;7.28525658526545
01/26/2017;18:00:00;7.31766636133395
01/26/2017;19:00:00;7.22747462730202
01/26/2017;20:00:00;7.18134230274089
01/26/2017;21:00:00;7.24324276191449
01/26/2017;22:00:00;7.2710793309723
01/26/2017;23:00:00;7.32190573307012
01/27/2017;00:00:00;7.28614155091641
01/27/2017;01:00:00;7.23580000840021
01/27/2017;02:00:00;7.25856304886936
01/27/2017;03:00:00;7.27365087126457
01/27/2017;04:00:00;7.35976357660652
01/27/2017;05:00:00;7.36440673982955
01/27/2017;06:00:00;7.38676872258779
01/27/2017;07:00:00;7.33580413948796
01/27/2017;08:00:00;7.36756452501183
01/27/2017;09:00:00;7.3090299215291
01/27/2017;10:00:00;7.33952957552317
01/27/2017;11:00:00;7.32154218402276
01/27/2017;12:00:00;7.31019976752899
01/27/2017;13:00:00;7.42931674662625
01/27/2017;14:00:00;7.34239515931597
01/27/2017;15:00:00;7.29772605830327
01/27/2017;16:00:00;7.24336645417149
01/27/2017;17:00:00;7.21963879921449
01/27/2017;18:00:00;7.1719356769535
01/27/2017;19:00:00;7.21267242304726
01/27/2017;20:00:00;7.164621611992
01/27/2017;21:00:00;7.13226359963987
01/27/2017;22:00:00;7.15874976551585
01/27/2017;23:00:00;7.2125806798549
01/28/2017;00:00:00;7.09293113882871
01/28/2017;01:00:00;7.06481836519218
01/28/2017;02:00:00;7.07474715468309
01/28/2017;03:00:00;7.05057729040211
01/28/2017;04:00:00;7.0141301999181
01/28/2017;05:00:00;7.10811026170136
01/28/2017;06:00:00;7.16563859078666
01/28/2017;07:00:00;7.157386007086
01/28/2017;08:00:00;7.09678905363038
01/28/2017;09:00:00;7.10160420360274
01/28/2017;10:00:00;7.1354346871837
01/28/2017;11:00:00;7.18516205929028
01/28/2017;12:00:00;7.27692538087006
01/28/2017;13:00:00;7.34217839592347
01/28/2017;14:00:00;7.39151320476209
01/28/2017;15:00:00;7.38471622620353
01/28/2017;16:00:00;7.28744213086741
01/28/2017;17:00:00;7.16121165865973
01/28/2017;18:00:00;7.18655740183359
01/28/2017;19:00:00;7.1884766795479
01/28/2017;20:00:00;7.1670155696582
01/28/2017;21:00:00;7.16872531203924
01/28/2017;22:00:00;7.15781999482991
01/28/2017;23:00:00;7.18583383145899
01/29/2017;00:00:00;7.22123806069063
01/29/2017;01:00:00;7.21455860751655
01/29/2017;02:00:00;7.21731603154737
01/29/2017;03:00:00;7.20735339487756
01/29/2017;04:00:00;7.22944407320078
01/29/2017;05:00:00;7.20022545123744
01/29/2017;06:00:00;7.2027491332829
01/29/2017;07:00:00;7.2409201280279
01/29/2017;08:00:00;7.19575288936054
01/29/2017;09:00:00;7.20618579811764
01/29/2017;10:00:00;7.23035218575827
01/29/2017;11:00:00;7.28495920496469
01/29/2017;12:00:00;7.38826164314731
01/29/2017;13:00:00;7.36142705944702
01/29/2017;14:00:00;7.42187650913548
01/29/2017;15:00:00;7.5021209645305
01/29/2017;16:00:00;7.47626084190413
01/29/2017;17:00:00;7.37315639683779
01/29/2017;18:00:00;7.36280380751528
01/29/2017;19:00:00;7.41311723874971
01/29/2017;20:00:00;7.37903927985779
01/29/2017;21:00:00;7.39859422101049
01/29/2017;22:00:00;7.35946173249764
01/29/2017;23:00:00;7.35294574130286
01/30/2017;00:00:00;7.31592681418226
01/30/2017;01:00:00;7.27540920940177
01/30/2017;02:00:00;7.28321362068611
01/30/2017;03:00:00;7.32819637093664
01/30/2017;04:00:00;7.30279292279703
01/30/2017;05:00:00;7.21718105664239
01/30/2017;06:00:00;7.27475748991532
01/30/2017;07:00:00;7.26789087957325
01/30/2017;08:00:00;7.23795771717581
01/30/2017;09:00:00;7.2306112630045
01/30/2017;10:00:00;7.26694365576836
01/30/2017;11:00:00;7.3412266933326
01/30/2017;12:00:00;7.35957803883988
01/30/2017;13:00:00;7.37317007320931
01/30/2017;14:00:00;7.50186730441741
01/30/2017;15:00:00;7.42512808060138
01/30/2017;16:00:00;7.38943058985099
01/30/2017;17:00:00;7.42466162547058
01/30/2017;18:00:00;7.38334945042957
01/30/2017;19:00:00;7.36377095967762
01/30/2017;20:00:00;7.37915565265375
01/30/2017;21:00:00;7.37640554762739
01/30/2017;22:00:00;7.35151189997626
01/30/2017;23:00:00;7.32592784198323
01/31/2017;00:00:00;7.28640751529292
01/31/2017;01:00:00;7.21251632900093
01/31/2017;02:00:00;7.24138784884069
01/31/2017;03:00:00;7.20977509672677
01/31/2017;04:00:00;7.21894461343471
01/31/2017;05:00:00;7.20785456555211
01/31/2017;06:00:00;7.10993333047005
01/31/2017;07:00:00;7.10011926804746
01/31/2017;08:00:00;7.13319570835145
01/31/2017;09:00:00;7.16900462228821
01/31/2017;10:00:00;7.27232945745036
01/31/2017;11:00:00;7.40880020564191
01/31/2017;12:00:00;7.45850355920029
01/31/2017;13:00:00;7.4477941222893
01/31/2017;14:00:00;7.48457219805107
01/31/2017;15:00:00;7.5470717744203
01/31/2017;16:00:00;7.5492416020594
01/31/2017;17:00:00;7.51297505274445
01/31/2017;18:00:00;7.49267385986759
01/31/2017;19:00:00;7.52077123009632
01/31/2017;20:00:00;7.53195870108599
01/31/2017;21:00:00;7.45843218315928
01/31/2017;22:00:00;7.4043005810689
01/31/2017;23:00:00;7.43490014703969
02/01/2017;00:00:00;7.44690649696454
02/01/2017;01:00:00;7.34053368119119
02/01/2017;02:00:00;7.29424146287314
02/01/2017;03:00:00;7.27674586515851
02/01/2017;04:00:00;7.41719483777149
02/01/2017;05:00:00;7.43411457342633
02/01/2017;06:00:00;7.24922311750269
02/01/2017;07:00:00;7.33685573819317
02/01/2017;08:00:00;7.45811486066744
02/01/2017;09:00:00;7.47346981619103
02/01/2017;10:00:00;7.56842813266738
02/01/2017;11:00:00;7.54414451088027
02/01/2017;12:00:00;7.36722239503118
02/01/2017;13:00:00;7.42667067617862
02/01/2017;14:00:00;7.34401093413542
02/01/2017;15:00:00;7.3106684217316
02/01/2017;16:00:00;7.31277153095725
02/01/2017;17:00:00;7.30521144081
02/01/2017;18:00:00;7.30935824226275
02/01/2017;19:00:00;7.31270197280437
02/01/2017;20:00:00;7.27431808990751
02/01/2017;21:00:00;7.17466955534723
02/01/2017;22:00:00;7.25465244420643
02/01/2017;23:00:00;7.12099919747965
02/02/2017;00:00:00;7.04667999192235
02/02/2017;01:00:00;7.11056889791524
02/02/2017;02:00:00;7.16662191006393
02/02/2017;03:00:00;7.09923490938074
02/02/2017;04:00:00;6.94478865221006
02/02/2017;05:00:00;7.05455643411015
02/02/2017;06:00:00;7.04392251316741
02/02/2017;07:00:00;7.04885161630651
02/02/2017;08:00:00;7.07779490940588
02/02/2017;09:00:00;7.14807982394604
02/02/2017;10:00:00;7.11704843649582
02/02/2017;11:00:00;7.14164394418976
02/02/2017;12:00:00;7.34983337812033
02/02/2017;13:00:00;7.50624452006812
02/02/2017;14:00:00;7.64019403289998
02/02/2017;15:00:00;7.62416526190938
02/02/2017;16:00:00;7.51383497924289
02/02/2017;17:00:00;7.29009953996025
02/02/2017;18:00:00;7.05325607249281
02/02/2017;19:00:00;7.06678076704122
02/02/2017;20:00:00;7.06843903385108
02/02/2017;21:00:00;7.0851466741558
02/02/2017;22:00:00;7.08155640771391
02/02/2017;23:00:00;6.96754665784052
02/03/2017;00:00:00;7.04253148957834
02/03/2017;01:00:00;7.01821674148544
02/03/2017;02:00:00;6.98296121970226
02/03/2017;03:00:00;6.99957636030382
02/03/2017;04:00:00;6.95958370589397
02/03/2017;05:00:00;6.93973684867628
02/03/2017;06:00:00;6.97954910937028
02/03/2017;07:00:00;6.95201353259519
02/03/2017;08:00:00;6.90571719526489
02/03/2017;09:00:00;6.84887935275319
02/03/2017;10:00:00;6.80659183513107
02/03/2017;11:00:00;6.80396908628845
02/03/2017;12:00:00;6.70084234323287
02/03/2017;13:00:00;6.75111429843705
02/03/2017;14:00:00;6.86454548934186
02/03/2017;15:00:00;6.76144163048991
02/03/2017;16:00:00;6.78558605801426
02/03/2017;17:00:00;6.73605878777477
02/03/2017;18:00:00;6.76965819342689
02/03/2017;19:00:00;6.84664296482412
02/03/2017;20:00:00;6.89589577137247
02/03/2017;21:00:00;6.94155697533468
02/03/2017;22:00:00;6.92991312079178
02/03/2017;23:00:00;6.90321816841465
02/04/2017;00:00:00;6.91911490852596
02/04/2017;01:00:00;6.93508811315922
02/04/2017;02:00:00;6.92341839355809
02/04/2017;03:00:00;6.90812221256226
02/04/2017;04:00:00;6.92304005256819
02/04/2017;05:00:00;6.92163487095124
02/04/2017;06:00:00;6.91209787559706
02/04/2017;07:00:00;6.9444649311573
02/04/2017;08:00:00;6.94667084994384
02/04/2017;09:00:00;6.96762977810315
02/04/2017;10:00:00;6.96107088115031
02/04/2017;11:00:00;6.94889421581792
02/04/2017;12:00:00;6.97672369731528
02/04/2017;13:00:00;6.9528484767487
02/04/2017;14:00:00;6.94080990266632
02/04/2017;15:00:00;6.96774317132307
02/04/2017;16:00:00;6.97263883695937
02/04/2017;17:00:00;6.98752023609896
02/04/2017;18:00:00;6.94101815786408
02/04/2017;19:00:00;6.96441893732704
02/04/2017;20:00:00;6.97527524086419
02/04/2017;21:00:00;6.95758923851488
02/04/2017;22:00:00;7.00555656234318
02/04/2017;23:00:00;6.97192385018399
02/05/2017;00:00:00;6.97920594585349
02/05/2017;01:00:00;6.99625161582873
02/05/2017;02:00:00;7.00364489809776
02/05/2017;03:00:00;6.98374330842035
02/05/2017;04:00:00;6.99106689286421
02/05/2017;05:00:00;6.98531963522044
02/05/2017;06:00:00;6.97822595359569
02/05/2017;07:00:00;6.95534127471476
02/05/2017;08:00:00;6.97458923403734
02/05/2017;09:00:00;6.98240565395875
02/05/2017;10:00:00;7.00410038507205
02/05/2017;11:00:00;6.95843924218126
02/05/2017;12:00:00;6.97731652437534
02/05/2017;13:00:00;6.95370493576923
02/05/2017;14:00:00;6.78069304912396
02/05/2017;15:00:00;6.68931976781913
02/05/2017;16:00:00;6.66358779376941
02/05/2017;17:00:00;6.66125192012008
02/05/2017;18:00:00;6.595860389965
02/05/2017;19:00:00;6.58319593299156
02/05/2017;20:00:00;6.58298922163173
02/05/2017;21:00:00;6.65329975956397
02/05/2017;22:00:00;6.71043666351719
02/05/2017;23:00:00;6.74251991802031
02/06/2017;00:00:00;6.68376200376321
02/06/2017;01:00:00;6.6834711917612
02/06/2017;02:00:00;6.67264495209194
02/06/2017;03:00:00;6.63330626487763
02/06/2017;04:00:00;6.642519988307
02/06/2017;05:00:00;6.65641621854181
02/06/2017;06:00:00;6.67788109270507
02/06/2017;07:00:00;6.73903643153465
02/06/2017;08:00:00;6.75809629258337
02/06/2017;09:00:00;6.73280435106415
02/06/2017;10:00:00;6.81927368243546
02/06/2017;11:00:00;6.81194647233668
02/06/2017;12:00:00;6.75809121267278
02/06/2017;13:00:00;6.77315974399373
02/06/2017;14:00:00;6.7743004425013
02/06/2017;15:00:00;6.77482717852232
02/06/2017;16:00:00;6.78828934260791
02/06/2017;17:00:00;6.77765276721747
02/06/2017;18:00:00;6.77343711875616
02/06/2017;19:00:00;6.7693065417636
02/06/2017;20:00:00;6.77445574323185
02/06/2017;21:00:00;6.75499768567131
02/06/2017;22:00:00;6.74743522515098
02/06/2017;23:00:00;6.72080228366617
02/07/2017;00:00:00;6.71906559896785
02/07/2017;01:00:00;6.72248898981947
02/07/2017;02:00:00;6.70529475453379
02/07/2017;03:00:00;6.70908812740471
02/07/2017;04:00:00;6.6921835244174
02/07/2017;05:00:00;6.69356966264545
02/07/2017;06:00:00;6.67573915428905
02/07/2017;07:00:00;6.65850804010216
02/07/2017;08:00:00;6.66916467176184
02/07/2017;09:00:00;6.6426516798445
02/07/2017;10:00:00;6.62364466515551
02/07/2017;11:00:00;6.68514499098576
02/07/2017;12:00:00;6.79928391195766
02/07/2017;13:00:00;6.6686951773536
02/07/2017;14:00:00;6.49475744722412
02/07/2017;15:00:00;6.4173224583197
02/07/2017;16:00:00;6.39962651261513
02/07/2017;17:00:00;6.3506116874751
02/07/2017;18:00:00;6.37214128142655
02/07/2017;19:00:00;6.38192913696008
02/07/2017;20:00:00;6.40465056345468
02/07/2017;21:00:00;6.43499890092435
02/07/2017;22:00:00;6.43828079208893
02/07/2017;23:00:00;6.44729957335877
02/08/2017;00:00:00;6.47271059398771
02/08/2017;01:00:00;6.44183747742272
02/08/2017;02:00:00;6.43111335622422
02/08/2017;03:00:00;6.46340774575119
02/08/2017;04:00:00;6.49422129129779
02/08/2017;05:00:00;6.42469769894704
02/08/2017;06:00:00;6.36125172718494
02/08/2017;07:00:00;6.3740116287276
02/08/2017;08:00:00;6.37554055466698
02/08/2017;09:00:00;6.3787492691006
02/08/2017;10:00:00;6.39520267352158
02/08/2017;11:00:00;6.37731278267994
02/08/2017;12:00:00;6.43091722433998
02/08/2017;13:00:00;6.46041578361665
02/08/2017;14:00:00;6.48436869849583
02/08/2017;15:00:00;6.58573349281185
02/08/2017;16:00:00;6.65255770711812
02/08/2017;17:00:00;6.72223501336059
02/08/2017;18:00:00;6.82570243171025
02/08/2017;19:00:00;6.92795413927869
02/08/2017;20:00:00;6.96479529963975
02/08/2017;21:00:00;6.8546482559927
02/08/2017;22:00:00;6.95763540306542
02/08/2017;23:00:00;6.8890480900208
02/09/2017;00:00:00;6.86509255840974
02/09/2017;01:00:00;6.86848279144652
02/09/2017;02:00:00;6.87172406722629
02/09/2017;03:00:00;6.89696623091419
02/09/2017;04:00:00;6.89215012922593
02/09/2017;05:00:00;6.9168317048678
02/09/2017;06:00:00;6.96395119031871
02/09/2017;07:00:00;7.04569665132451
02/09/2017;08:00:00;7.1093596146368
02/09/2017;09:00:00;7.16451314716144
02/09/2017;10:00:00;7.23157681319002
02/09/2017;11:00:00;7.21945331515485
02/09/2017;12:00:00;7.36672255425123
02/09/2017;13:00:00;7.2261542160647
02/09/2017;14:00:00;7.19799228293548
02/09/2017;15:00:00;7.1677341046616
02/09/2017;16:00:00;7.13547042928794
02/09/2017;17:00:00;7.28933037690787
02/09/2017;18:00:00;7.16958809415683
02/09/2017;19:00:00;7.0290025942252
02/09/2017;20:00:00;6.93267446549654
02/09/2017;21:00:00;6.88628145184785
02/09/2017;22:00:00;6.8308591154568
02/09/2017;23:00:00;6.88370242383638
02/10/2017;00:00:00;6.99191188862987
02/10/2017;01:00:00;6.96613730485345
02/10/2017;02:00:00;6.95905792678908
02/10/2017;03:00:00;6.91749358139128
02/10/2017;04:00:00;6.85712721067307
02/10/2017;05:00:00;6.80627938353768
02/10/2017;06:00:00;6.76509249644387
02/10/2017;07:00:00;6.74515486577919
02/10/2017;08:00:00;6.84499352246663
02/10/2017;09:00:00;6.9551142461924
02/10/2017;10:00:00;6.95513588836686
02/10/2017;11:00:00;6.86274201738793
02/10/2017;12:00:00;6.90882023796673
02/10/2017;13:00:00;6.8846373492343
02/10/2017;14:00:00;6.89260286153744
02/10/2017;15:00:00;6.92442758908175
02/10/2017;16:00:00;6.89800669491396
02/10/2017;17:00:00;6.93876094951037
02/10/2017;18:00:00;6.84763043547714
02/10/2017;19:00:00;6.75496419036026
02/10/2017;20:00:00;6.77625982289757
02/10/2017;21:00:00;6.79501303661886
02/10/2017;22:00:00;6.76289135929453
02/10/2017;23:00:00;6.75701615092753
02/11/2017;00:00:00;6.7465168376123
02/11/2017;01:00:00;6.79850130294179
02/11/2017;02:00:00;6.79799481520311
02/11/2017;03:00:00;6.80559875375691
02/11/2017;04:00:00;6.76930454877567
02/11/2017;05:00:00;6.76105388642188
02/11/2017;06:00:00;6.81964503432087
02/11/2017;07:00:00;6.83344987977042
02/11/2017;08:00:00;6.85041991431211
02/11/2017;09:00:00;6.84160857906059
02/11/2017;10:00:00;6.85661924648417
02/11/2017;11:00:00;6.84184651247426
02/11/2017;12:00:00;6.83013427239253
02/11/2017;13:00:00;6.83508313431172
02/11/2017;14:00:00;6.86063063524192
02/11/2017;15:00:00;6.86081238789854
02/11/2017;16:00:00;6.83904966293619
02/11/2017;17:00:00;6.81684877320728
02/11/2017;18:00:00;6.81828717716399
02/11/2017;19:00:00;6.81572063598495
02/11/2017;20:00:00;6.84081883881848
02/11/2017;21:00:00;6.89344948642863
02/11/2017;22:00:00;6.85369935430552
02/11/2017;23:00:00;6.8342242889317
02/12/2017;00:00:00;6.82623188834544
02/12/2017;01:00:00;6.84816102984309
02/12/2017;02:00:00;6.81094119751449
02/12/2017;03:00:00;6.80761090302507
02/12/2017;04:00:00;6.81959399608437
02/12/2017;05:00:00;6.89853408080491
02/12/2017;06:00:00;6.84649791269224
02/12/2017;07:00:00;6.82443491668578
02/12/2017;08:00:00;6.91117758595081
02/12/2017;09:00:00;6.95089744308368
02/12/2017;10:00:00;6.83003210698834
02/12/2017;11:00:00;6.7716889429545
02/12/2017;12:00:00;6.83614685627197
02/12/2017;13:00:00;6.84690133126946
02/12/2017;14:00:00;6.89771855874349
02/12/2017;15:00:00;6.81242698602776
02/12/2017;16:00:00;6.77925621901493
02/12/2017;17:00:00;6.83556017797592
02/12/2017;18:00:00;6.9023313725882
02/12/2017;19:00:00;6.84046230529189
02/12/2017;20:00:00;6.85787162088624
02/12/2017;21:00:00;6.91795256592629
02/12/2017;22:00:00;6.86592016339378
02/12/2017;23:00:00;6.8346362283552
02/13/2017;00:00:00;6.87063575126031
02/13/2017;01:00:00;6.85887384899238
02/13/2017;02:00:00;6.89532235336096
02/13/2017;03:00:00;6.89619505386066
02/13/2017;04:00:00;6.86703809254293
02/13/2017;05:00:00;6.86552119319988
02/13/2017;06:00:00;6.87248191398368
02/13/2017;07:00:00;6.86242879465417
02/13/2017;08:00:00;6.86077038446834
02/13/2017;09:00:00;6.80538992685034
02/13/2017;10:00:00;6.85515514024824
02/13/2017;11:00:00;6.79368995310066
02/13/2017;12:00:00;6.83200363372603
02/13/2017;13:00:00;6.72106164862788
02/13/2017;14:00:00;6.74742770031579
02/13/2017;15:00:00;6.67582142282491
02/13/2017;16:00:00;6.61495312231125
02/13/2017;17:00:00;6.70390783729342
02/13/2017;18:00:00;6.71183697927446
02/13/2017;19:00:00;6.75903394215762
02/13/2017;20:00:00;6.76470276162131
02/13/2017;21:00:00;6.81762661336626
02/13/2017;22:00:00;6.79356859248605
02/13/2017;23:00:00;6.81967462735448
02/14/2017;00:00:00;6.86406988214784
02/14/2017;01:00:00;6.87277599266448
02/14/2017;02:00:00;6.87488553317547
02/14/2017;03:00:00;6.82641418355724
02/14/2017;04:00:00;6.82415098724529
02/14/2017;05:00:00;6.74742521113072
02/14/2017;06:00:00;6.76903580989013
02/14/2017;07:00:00;6.71724242565324
02/14/2017;08:00:00;6.64899415025608
02/14/2017;09:00:00;6.69138864290252
02/14/2017;10:00:00;6.81917393526057
02/14/2017;11:00:00;6.88084647339905
02/14/2017;12:00:00;6.90101229189916
02/14/2017;13:00:00;6.88689410842136
02/14/2017;14:00:00;6.82138539010218
02/14/2017;15:00:00;6.73009645890954
02/14/2017;16:00:00;6.79927791034697
02/14/2017;17:00:00;6.84766719662124
02/14/2017;18:00:00;6.96908619432539
02/14/2017;19:00:00;7.04108436174658
02/14/2017;20:00:00;7.15753717322702
02/14/2017;21:00:00;7.30427398678707
02/14/2017;22:00:00;7.15284675805632
02/14/2017;23:00:00;7.06203478115619
02/15/2017;00:00:00;7.06194687866627
02/15/2017;01:00:00;7.04939864021696
02/15/2017;02:00:00;6.995758035201
02/15/2017;03:00:00;6.97626601326912
02/15/2017;04:00:00;7.01773197118828
02/15/2017;05:00:00;6.9917947245998
02/15/2017;06:00:00;6.82378279663372
02/15/2017;07:00:00;6.75630216095302
02/15/2017;08:00:00;6.72623193492008
02/15/2017;09:00:00;6.65367003274421
02/15/2017;10:00:00;6.63324839176882
02/15/2017;11:00:00;6.62954735019634
02/15/2017;12:00:00;6.63499725170458
02/15/2017;13:00:00;6.63190326612519
02/15/2017;14:00:00;6.65130361760477
02/15/2017;15:00:00;6.63869556234091
02/15/2017;16:00:00;6.59531794802193
02/15/2017;17:00:00;6.56816316055648
02/15/2017;18:00:00;6.55374308335038
02/15/2017;19:00:00;6.44024195589053
02/15/2017;20:00:00;6.4294144272283
02/15/2017;21:00:00;6.43765368451773
02/15/2017;22:00:00;6.40018397327985
02/15/2017;23:00:00;6.41652227712932
02/16/2017;00:00:00;6.39069363176733
02/16/2017;01:00:00;6.39611836637755
02/16/2017;02:00:00;6.39518479624805
02/16/2017;03:00:00;6.37255172040891
02/16/2017;04:00:00;6.37858660817906
02/16/2017;05:00:00;6.44266187056926
02/16/2017;06:00:00;6.49802016931424
02/16/2017;07:00:00;6.56133791936952
02/16/2017;08:00:00;6.52260916526966
02/16/2017;09:00:00;6.52520847234033
02/16/2017;10:00:00;6.55121850024376
02/16/2017;11:00:00;6.54345925102046
02/16/2017;12:00:00;6.56801074329122
02/16/2017;13:00:00;6.64657514937146
02/16/2017;14:00:00;6.57279926583351
02/16/2017;15:00:00;6.42156361023226
02/16/2017;16:00:00;6.46196044129243
02/16/2017;17:00:00;6.49955020629561
02/16/2017;18:00:00;6.49111701573001
02/16/2017;19:00:00;6.49181248861362
02/16/2017;20:00:00;6.49472436657001
02/16/2017;21:00:00;6.49996995662079
02/16/2017;22:00:00;6.48291403934272
02/16/2017;23:00:00;6.497861244719
02/17/2017;00:00:00;6.47730595063475
02/17/2017;01:00:00;6.42698209750801
02/17/2017;02:00:00;6.43885687307479
02/17/2017;03:00:00;6.45098058780078
02/17/2017;04:00:00;6.49841383028183
02/17/2017;05:00:00;6.51234129814966
02/17/2017;06:00:00;6.415290219395
02/17/2017;07:00:00;6.51856897558612
02/17/2017;08:00:00;6.51485143933225
02/17/2017;09:00:00;6.31331901093645
02/17/2017;10:00:00;6.37904295031729
02/17/2017;11:00:00;6.42989646601883
02/17/2017;12:00:00;6.5302579812627
02/17/2017;13:00:00;6.4037940838851
02/17/2017;14:00:00;6.42836993086742
02/17/2017;15:00:00;6.44509061344541
02/17/2017;16:00:00;6.43182328551182
02/17/2017;17:00:00;6.46534177167383
02/17/2017;18:00:00;6.5053852702805
02/17/2017;19:00:00;6.40168061139319
02/17/2017;20:00:00;6.48400811762678
02/17/2017;21:00:00;6.43155699232268
02/17/2017;22:00:00;6.45575437128243
02/17/2017;23:00:00;6.44311214029225
02/18/2017;00:00:00;6.52108332438162
02/18/2017;01:00:00;6.5472590949595
02/18/2017;02:00:00;6.57052519179157
02/18/2017;03:00:00;6.58837415576697
02/18/2017;04:00:00;6.56990303836185
02/18/2017;05:00:00;6.52541247532319
02/18/2017;06:00:00;6.52153126962619
02/18/2017;07:00:00;6.563312923409
02/18/2017;08:00:00;6.5681279506189
02/18/2017;09:00:00;6.52535595225731
02/18/2017;10:00:00;6.49166746928227
02/18/2017;11:00:00;6.48372723106304
02/18/2017;12:00:00;6.51177711997002
02/18/2017;13:00:00;6.53952729298649
02/18/2017;14:00:00;6.53093443387031
02/18/2017;15:00:00;6.53836814755846
02/18/2017;16:00:00;6.62664831227341
02/18/2017;17:00:00;6.70907268867676
02/18/2017;18:00:00;6.71789555536367
02/18/2017;19:00:00;6.68947355850345
02/18/2017;20:00:00;6.63049722848494
02/18/2017;21:00:00;6.59950597646525
02/18/2017;22:00:00;6.62329293772298
02/18/2017;23:00:00;6.57360371984008
02/19/2017;00:00:00;6.58217361850684
02/19/2017;01:00:00;6.58661456319609
02/19/2017;02:00:00;6.52207425470425
02/19/2017;03:00:00;6.52119235562723
02/19/2017;04:00:00;6.4970472155138
02/19/2017;05:00:00;6.47470286084094
02/19/2017;06:00:00;6.49602205102638
02/19/2017;07:00:00;6.51420906146967
02/19/2017;08:00:00;6.51654391807854
02/19/2017;09:00:00;6.46677790312671
02/19/2017;10:00:00;6.45118120989051
02/19/2017;11:00:00;6.43671072364385
02/19/2017;12:00:00;6.43503777724026
02/19/2017;13:00:00;6.44676065931721
02/19/2017;14:00:00;6.46330452118172
02/19/2017;15:00:00;6.45572817532508
02/19/2017;16:00:00;6.46744184799256
02/19/2017;17:00:00;6.4518627747196
02/19/2017;18:00:00;6.46269740132571
02/19/2017;19:00:00;6.43758165658004
02/19/2017;20:00:00;6.45294219827558
02/19/2017;21:00:00;6.41425919203075
02/19/2017;22:00:00;6.46281511504148
02/19/2017;23:00:00;6.48921592298071
02/20/2017;00:00:00;6.43639840064885
02/20/2017;01:00:00;6.43045621280368
02/20/2017;02:00:00;6.45218241926051
02/20/2017;03:00:00;6.43759110110492
02/20/2017;04:00:00;6.48888369405306
02/20/2017;05:00:00;6.4310703115583
02/20/2017;06:00:00;6.4859454727584
02/20/2017;07:00:00;6.48388068222557
02/20/2017;08:00:00;6.4626280991184
02/20/2017;09:00:00;6.44016881941837
02/20/2017;10:00:00;6.47937906421279
02/20/2017;11:00:00;6.41882941349332
02/20/2017;12:00:00;6.44807237483604
02/20/2017;13:00:00;6.42359520952273
02/20/2017;14:00:00;6.41548759382497
02/20/2017;15:00:00;6.44422677258949
02/20/2017;16:00:00;6.44339451079906
02/20/2017;17:00:00;6.41924179448399
02/20/2017;18:00:00;6.42353584280275
02/20/2017;19:00:00;6.44947031737116
02/20/2017;20:00:00;6.42534669393505
02/20/2017;21:00:00;6.42306757489472
02/20/2017;22:00:00;6.41954729906588
02/20/2017;23:00:00;6.40764085737647
02/21/2017;00:00:00;6.45195136350933
02/21/2017;01:00:00;6.4223109981638
02/21/2017;02:00:00;6.47400718633695
02/21/2017;03:00:00;6.48068934933597
02/21/2017;04:00:00;6.46531934433383
02/21/2017;05:00:00;6.4476460636462
02/21/2017;06:00:00;6.47402743342695
02/21/2017;07:00:00;6.53279648826795
02/21/2017;08:00:00;6.47176194336047
02/21/2017;09:00:00;6.4002279998233
02/21/2017;10:00:00;6.42783688067985
02/21/2017;11:00:00;6.51116586089671
02/21/2017;12:00:00;6.4826162530222
02/21/2017;13:00:00;6.4048041561204
02/21/2017;14:00:00;6.36668137960984
02/21/2017;15:00:00;6.38356657052186
02/21/2017;16:00:00;6.36651598391147
02/21/2017;17:00:00;6.36373208927788
02/21/2017;18:00:00;6.43310884765948
02/21/2017;19:00:00;6.34214452798346
02/21/2017;20:00:00;6.40938338976166
02/21/2017;21:00:00;6.51160356086755
02/21/2017;22:00:00;6.5988242086686
02/21/2017;23:00:00;6.57930850601016
02/22/2017;00:00:00;6.55389336494944
02/22/2017;01:00:00;6.56312234599093
02/22/2017;02:00:00;6.47005240189032
02/22/2017;03:00:00;6.51650357440102
02/22/2017;04:00:00;6.49141922672607
02/22/2017;05:00:00;6.45802505990962
02/22/2017;06:00:00;6.40846663388681
02/22/2017;07:00:00;6.28207281109094
02/22/2017;08:00:00;6.18439016162851
02/22/2017;09:00:00;6.31833701411658
02/22/2017;10:00:00;6.24596193723375
02/22/2017;11:00:00;6.25458900883662
02/22/2017;12:00:00;6.28146200971523
02/22/2017;13:00:00;6.31174592834656
02/22/2017;14:00:00;6.42384153972974
02/22/2017;15:00:00;6.53109592650625
02/22/2017;16:00:00;6.52145461578369
02/22/2017;17:00:00;6.53862186386273
02/22/2017;18:00:00;6.5706082208316
02/22/2017;19:00:00;6.54603290376167
02/22/2017;20:00:00;6.4959056551619
02/22/2017;21:00:00;6.47215983567259
02/22/2017;22:00:00;6.43562626224401
02/22/2017;23:00:00;6.40216895722546
02/23/2017;00:00:00;6.28418220720079
02/23/2017;01:00:00;6.26921968926537
02/23/2017;02:00:00;6.40762087869712
02/23/2017;03:00:00;6.29401104484283
02/23/2017;04:00:00;6.25961526159017
02/23/2017;05:00:00;6.33008040046193
02/23/2017;06:00:00;6.32203841081135
02/23/2017;07:00:00;6.32528262263847
02/23/2017;08:00:00;6.38745435665546
02/23/2017;09:00:00;6.44158413390941
02/23/2017;10:00:00;6.42461646499404
02/23/2017;11:00:00;6.38437922013289
02/23/2017;12:00:00;6.47606564658082
02/23/2017;13:00:00;6.42516081986278
02/23/2017;14:00:00;6.43212914732114
02/23/2017;15:00:00;6.5516261294719
02/23/2017;16:00:00;6.48821709731286
02/23/2017;17:00:00;6.59494611131905
02/23/2017;18:00:00;6.64872853903062
02/23/2017;19:00:00;6.58746275907779
02/23/2017;20:00:00;6.6188981443513
02/23/2017;21:00:00;6.6243698300491
02/23/2017;22:00:00;6.66529597657328
02/23/2017;23:00:00;6.65393378391807
02/24/2017;00:00:00;6.64459420671913
02/24/2017;01:00:00;6.66186232378606
02/24/2017;02:00:00;6.60616880804256
02/24/2017;03:00:00;6.59737658485141
02/24/2017;04:00:00;6.53174370247492
02/24/2017;05:00:00;6.4951063848451
02/24/2017;06:00:00;6.54226149330669
02/24/2017;07:00:00;6.53394476265892
02/24/2017;08:00:00;6.58643550304039
02/24/2017;09:00:00;6.49687817273288
02/24/2017;10:00:00;6.62206701947627
02/24/2017;11:00:00;6.57379690034493
02/24/2017;12:00:00;6.43468466594054
02/24/2017;13:00:00;6.27930734760211
02/24/2017;14:00:00;6.238150505807
02/24/2017;15:00:00;6.27818131987524
02/24/2017;16:00:00;6.41544957818716
02/24/2017;17:00:00;6.61887652616695
02/24/2017;18:00:00;6.63072569869827
02/24/2017;19:00:00;6.33893785500587
02/24/2017;20:00:00;6.38570560460089
02/24/2017;21:00:00;6.35577588235827
02/24/2017;22:00:00;6.35388278761017
02/24/2017;23:00:00;6.35168066149273
02/25/2017;00:00:00;6.31299585798334
02/25/2017;01:00:00;6.29929810341001
02/25/2017;02:00:00;6.5543841025029
02/25/2017;03:00:00;6.54002391822095
02/25/2017;04:00:00;6.67504743601727
02/25/2017;05:00:00;6.68355507974598
02/25/2017;06:00:00;6.59270516020925
02/25/2017;07:00:00;6.62832363941092
02/25/2017;08:00:00;6.65690981089057
02/25/2017;09:00:00;6.64413083351663
02/25/2017;10:00:00;7.1265117299933
02/25/2017;11:00:00;7.68544639800316
02/25/2017;12:00:00;7.80160429510541
02/25/2017;13:00:00;8.0863695507729
02/25/2017;14:00:00;8.05220850599766
02/25/2017;15:00:00;8.26861070153521
02/25/2017;16:00:00;8.47447708605876
02/25/2017;17:00:00;8.2163079329484
02/25/2017;18:00:00;7.85003315141416
02/25/2017;19:00:00;7.76549450363067
02/25/2017;20:00:00;7.71893375089801
02/25/2017;21:00:00;7.63637553428959
02/25/2017;22:00:00;7.5497524245143
02/25/2017;23:00:00;7.51659811257093
02/26/2017;00:00:00;7.47542102081445
02/26/2017;01:00:00;7.45197971471533
02/26/2017;02:00:00;7.43518156500123
02/26/2017;03:00:00;7.41730211426658
02/26/2017;04:00:00;7.39057311734679
02/26/2017;05:00:00;7.40859768223342
02/26/2017;06:00:00;7.39686812800985
02/26/2017;07:00:00;7.39841951913788
02/26/2017;08:00:00;7.41663449440176
02/26/2017;09:00:00;7.45030365326481
02/26/2017;10:00:00;7.4528286090754
02/26/2017;11:00:00;7.49261083874187
02/26/2017;12:00:00;7.49896570958833
02/26/2017;13:00:00;7.50430432421981
02/26/2017;14:00:00;7.48824526241969
02/26/2017;15:00:00;7.43688145678209
02/26/2017;16:00:00;7.56959116900359
02/26/2017;17:00:00;7.63808904299316
02/26/2017;18:00:00;7.54703057872429
02/26/2017;19:00:00;7.42147010104345
02/26/2017;20:00:00;7.44776968850246
02/26/2017;21:00:00;7.49097243614704
02/26/2017;22:00:00;7.45819450627016
02/26/2017;23:00:00;7.46253990200752
02/27/2017;00:00:00;7.51447450349101
02/27/2017;01:00:00;7.51192384287697
02/27/2017;02:00:00;7.44438483577755
02/27/2017;03:00:00;7.43521992313817
02/27/2017;04:00:00;7.43518195316628
02/27/2017;05:00:00;7.41914785009322
02/27/2017;06:00:00;7.46188798289548
02/27/2017;07:00:00;7.44473714699224
02/27/2017;08:00:00;7.56058599182817
02/27/2017;09:00:00;7.59208399150045
02/27/2017;10:00:00;7.60333286434848
02/27/2017;11:00:00;7.65792562004885
02/27/2017;12:00:00;7.69445976626978
02/27/2017;13:00:00;7.73130186028333
02/27/2017;14:00:00;7.77980531803851
02/27/2017;15:00:00;7.6704348280047
02/27/2017;16:00:00;7.46975499334606
02/27/2017;17:00:00;7.51089490769961
02/27/2017;18:00:00;7.62213894527328
02/27/2017;19:00:00;7.53751783901139
02/27/2017;20:00:00;7.47945160732381
02/27/2017;21:00:00;7.46659351163845
02/27/2017;22:00:00;7.49090643133604
02/27/2017;23:00:00;7.6253530985108
02/28/2017;00:00:00;7.71266724481719
02/28/2017;01:00:00;7.60114003075206
02/28/2017;02:00:00;7.6374968423164
02/28/2017;03:00:00;7.65272480234935
02/28/2017;04:00:00;7.66572378907538
02/28/2017;05:00:00;7.66146099093747
02/28/2017;06:00:00;7.62202151146912
02/28/2017;07:00:00;7.67553692999518
02/28/2017;08:00:00;7.62269379587525
02/28/2017;09:00:00;7.60389951196747
02/28/2017;10:00:00;7.70937010743784
02/28/2017;11:00:00;7.79589389608115
02/28/2017;12:00:00;7.46668343287281
02/28/2017;13:00:00;7.44963755521208
02/28/2017;14:00:00;7.54553812739145
02/28/2017;15:00:00;7.63850188660787
02/28/2017;16:00:00;7.64615387540637
02/28/2017;17:00:00;7.66953314909953
02/28/2017;18:00:00;7.61906207849663
02/28/2017;19:00:00;7.74860668897647
02/28/2017;20:00:00;7.7408777067773
02/28/2017;21:00:00;7.72240532231676
02/28/2017;22:00:00;7.71174903406251
02/28/2017;23:00:00;7.73385886100238
03/01/2017;00:00:00;7.74028710411843
03/01/2017;01:00:00;7.74195513109887
03/01/2017;02:00:00;7.6849731678701
03/01/2017;03:00:00;7.71985278954957
03/01/2017;04:00:00;7.66152041522662
03/01/2017;05:00:00;7.64705785692304
03/01/2017;06:00:00;7.65479570285829
03/01/2017;07:00:00;7.66791314043017
03/01/2017;08:00:00;7.68454230265594
03/01/2017;09:00:00;7.68558646454123
03/01/2017;10:00:00;7.46972678696042
03/01/2017;11:00:00;7.23203882810913
03/01/2017;12:00:00;7.31195862822421
03/01/2017;13:00:00;7.41997760896787
03/01/2017;14:00:00;7.57229971641919
03/01/2017;15:00:00;7.56707037223733
03/01/2017;16:00:00;7.60871644646139
03/01/2017;17:00:00;7.61328193423268
03/01/2017;18:00:00;7.58929649846508
03/01/2017;19:00:00;7.5962978084254
03/01/2017;20:00:00;7.60549935490202
03/01/2017;21:00:00;7.58102319163836
03/01/2017;22:00:00;7.55939727998565
03/01/2017;23:00:00;7.55645403476051
03/02/2017;00:00:00;7.53483061853303
03/02/2017;01:00:00;7.53371801007278
03/02/2017;02:00:00;7.50230299360059
03/02/2017;03:00:00;7.48949157947425
03/02/2017;04:00:00;7.48809175038885
03/02/2017;05:00:00;7.5443042260741
03/02/2017;06:00:00;7.57294378795263
03/02/2017;07:00:00;7.68813073159128
03/02/2017;08:00:00;7.84407775552197
03/02/2017;09:00:00;7.92957880991432
03/02/2017;10:00:00;7.83585289417258
03/02/2017;11:00:00;7.87949891497855
03/02/2017;12:00:00;7.84347891741691
03/02/2017;13:00:00;7.6862287370783
03/02/2017;14:00:00;7.65693093274945
03/02/2017;15:00:00;7.63083938548616
03/02/2017;16:00:00;7.67728227276254
03/02/2017;17:00:00;7.60798634911877
03/02/2017;18:00:00;7.45263965134772
03/02/2017;19:00:00;7.22874726389743
03/02/2017;20:00:00;7.09182270016554
03/02/2017;21:00:00;7.08643420244877
03/02/2017;22:00:00;7.17030111095968
03/02/2017;23:00:00;7.2117472800321
03/03/2017;00:00:00;7.19165092398532
03/03/2017;01:00:00;7.36157850883924
03/03/2017;02:00:00;7.6401879527543
03/03/2017;03:00:00;7.85652329345046
03/03/2017;04:00:00;7.92730539173357
03/03/2017;05:00:00;7.95541324342987
03/03/2017;06:00:00;7.95070620232316
03/03/2017;07:00:00;7.93406980480058
03/03/2017;08:00:00;7.8721612880518
03/03/2017;09:00:00;7.79826160294387
03/03/2017;10:00:00;7.85132390228531
03/03/2017;11:00:00;7.89641930615143
03/03/2017;12:00:00;7.86029555119308
03/03/2017;13:00:00;7.9260410812636
03/03/2017;14:00:00;7.9663851912681
03/03/2017;15:00:00;7.95915869974553
03/03/2017;16:00:00;7.85358249810844
03/03/2017;17:00:00;7.71386659128943
03/03/2017;18:00:00;7.50660504133467
03/03/2017;19:00:00;7.21197296420309
03/03/2017;20:00:00;6.94919461173548
03/03/2017;21:00:00;6.72475511796627
03/03/2017;22:00:00;6.61677665658533
03/03/2017;23:00:00;6.44089074873713
03/04/2017;00:00:00;6.51743265215217
03/04/2017;01:00:00;6.50153404425421
03/04/2017;02:00:00;6.49060278667702
03/04/2017;03:00:00;6.58771843021193
03/04/2017;04:00:00;6.70293862412377
03/04/2017;05:00:00;6.71938546836799
03/04/2017;06:00:00;6.78293791083668
03/04/2017;07:00:00;6.85254171547319
03/04/2017;08:00:00;6.86155375295786
03/04/2017;09:00:00;6.91951703416185
03/04/2017;10:00:00;6.95887474784856
03/04/2017;11:00:00;6.95803596194312
03/04/2017;12:00:00;7.02988501678793
03/04/2017;13:00:00;7.18362328361126
03/04/2017;14:00:00;7.10262529487907
03/04/2017;15:00:00;7.12750288648468
03/04/2017;16:00:00;7.1374185557928
03/04/2017;17:00:00;7.13979411851316
03/04/2017;18:00:00;7.07507824422831
03/04/2017;19:00:00;7.02774614445819
03/04/2017;20:00:00;6.98625909947597
03/04/2017;21:00:00;6.97229824080065
03/04/2017;22:00:00;7.01361761160842
03/04/2017;23:00:00;7.02494057472465
03/05/2017;00:00:00;7.05815828586949
03/05/2017;01:00:00;7.04609574218577
03/05/2017;02:00:00;7.0675610379255
03/05/2017;03:00:00;7.06093450972705
03/05/2017;04:00:00;7.03410604414432
03/05/2017;05:00:00;7.05573487717409
03/05/2017;06:00:00;7.05851677092284
03/05/2017;07:00:00;7.05598761736916
03/05/2017;08:00:00;7.05808380108288
03/05/2017;09:00:00;7.03631592050311
03/05/2017;10:00:00;7.0487713123944
03/05/2017;11:00:00;7.05681719844843
03/05/2017;12:00:00;7.08775244426863
03/05/2017;13:00:00;7.09379763513373
03/05/2017;14:00:00;7.06111331206916
03/05/2017;15:00:00;7.06029155549315
03/05/2017;16:00:00;7.05259470327813
03/05/2017;17:00:00;7.08976431533067
03/05/2017;18:00:00;7.08387781637801
03/05/2017;19:00:00;7.17486715923109
03/05/2017;20:00:00;7.13773349705116
03/05/2017;21:00:00;7.13095226746569
03/05/2017;22:00:00;7.1461947785498
03/05/2017;23:00:00;7.16932118732744
03/06/2017;00:00:00;7.19417513522122
03/06/2017;01:00:00;7.17410945651232
03/06/2017;02:00:00;7.22429149631483
03/06/2017;03:00:00;7.19332765116102
03/06/2017;04:00:00;7.16917091959541
03/06/2017;05:00:00;7.16061490583967
03/06/2017;06:00:00;7.14555475064169
03/06/2017;07:00:00;7.13004238972664
03/06/2017;08:00:00;7.10665420164034
03/06/2017;09:00:00;7.18899611193235
03/06/2017;10:00:00;7.16895993755532
03/06/2017;11:00:00;6.83189208600367
03/06/2017;12:00:00;6.79752620008033
03/06/2017;13:00:00;6.68977225202194
03/06/2017;14:00:00;6.67401718367622
03/06/2017;15:00:00;6.65308025353124
03/06/2017;16:00:00;6.72345582231754
03/06/2017;17:00:00;6.76794854349233
03/06/2017;18:00:00;6.73872604216639
03/06/2017;19:00:00;6.69793463139479
03/06/2017;20:00:00;6.71214226520706
03/06/2017;21:00:00;6.71464307290572
03/06/2017;22:00:00;6.75564162003895
03/06/2017;23:00:00;6.75006083139779
03/07/2017;00:00:00;6.67568794332837
03/07/2017;01:00:00;6.63947083057015
03/07/2017;02:00:00;6.62085510044614
03/07/2017;03:00:00;6.63407455471308
03/07/2017;04:00:00;6.63864159087438
03/07/2017;05:00:00;6.66765979582945
03/07/2017;06:00:00;6.68367614582248
03/07/2017;07:00:00;6.68746350345018
03/07/2017;08:00:00;6.70394576469815
03/07/2017;09:00:00;6.70077250972534
03/07/2017;10:00:00;6.67936431099624
03/07/2017;11:00:00;6.69928992496509
03/07/2017;12:00:00;6.71798274868592
03/07/2017;13:00:00;6.72478503781391
03/07/2017;14:00:00;6.73579516664462
03/07/2017;15:00:00;6.74982632173891
03/07/2017;16:00:00;6.7560357922546
03/07/2017;17:00:00;6.76345713238152
03/07/2017;18:00:00;6.74530651286672
03/07/2017;19:00:00;6.75720867212171
03/07/2017;20:00:00;6.71260335936783
03/07/2017;21:00:00;6.70562906930677
03/07/2017;22:00:00;6.69338781570549
03/07/2017;23:00:00;6.68255656081662
03/08/2017;00:00:00;6.67854154629243
03/08/2017;01:00:00;6.6828208093944
03/08/2017;02:00:00;6.6613207326745
03/08/2017;03:00:00;6.63986332273746
03/08/2017;04:00:00;6.62469514524386
03/08/2017;05:00:00;6.64792690729419
03/08/2017;06:00:00;6.63426731628656
03/08/2017;07:00:00;6.59761938872591
03/08/2017;08:00:00;6.63088064223177
03/08/2017;09:00:00;6.72889818364278
03/08/2017;10:00:00;6.79002459109781
03/08/2017;11:00:00;6.80813439590143
03/08/2017;12:00:00;6.85437938983404
03/08/2017;13:00:00;6.8753033292727
03/08/2017;14:00:00;6.86932825994662
03/08/2017;15:00:00;6.9148239495334
03/08/2017;16:00:00;6.92344765933146
03/08/2017;17:00:00;6.94725912142659
03/08/2017;18:00:00;7.03262922637474
03/08/2017;19:00:00;6.93489204270885
03/08/2017;20:00:00;6.95589739402006
03/08/2017;21:00:00;7.06201118936227
03/08/2017;22:00:00;6.97805944962003
03/08/2017;23:00:00;6.89455251624123
03/09/2017;00:00:00;7.08392376309612
03/09/2017;01:00:00;7.09998790972364
03/09/2017;02:00:00;7.02648800532404
03/09/2017;03:00:00;6.93503427201063
03/09/2017;04:00:00;6.91305900533795
03/09/2017;05:00:00;6.88056983345458
03/09/2017;06:00:00;6.83661868394383
03/09/2017;07:00:00;6.84470902459485
03/09/2017;08:00:00;6.87454477359412
03/09/2017;09:00:00;6.8868004782947
03/09/2017;10:00:00;6.84393036081671
03/09/2017;11:00:00;6.8631089557535
03/09/2017;12:00:00;6.90234451230651
03/09/2017;13:00:00;6.93113319651553
03/09/2017;14:00:00;6.99513334861782
03/09/2017;15:00:00;6.93625955397783
03/09/2017;16:00:00;6.82194129046426
03/09/2017;17:00:00;6.82161254142306
03/09/2017;18:00:00;6.84765199461641
03/09/2017;19:00:00;6.83566793841733
03/09/2017;20:00:00;6.79176403131683
03/09/2017;21:00:00;6.80627242841886
03/09/2017;22:00:00;6.89610431475672
03/09/2017;23:00:00;6.81519807782924
03/10/2017;00:00:00;6.83672799948299
03/10/2017;01:00:00;6.86439415998701
03/10/2017;02:00:00;6.86868357246532
03/10/2017;03:00:00;6.92103558896694
03/10/2017;04:00:00;6.86965399960772
03/10/2017;05:00:00;6.79537744177704
03/10/2017;06:00:00;6.6828081825621
03/10/2017;07:00:00;6.7714393089022
03/10/2017;08:00:00;6.78046239595137
03/10/2017;09:00:00;6.76967545419872
03/10/2017;10:00:00;6.76043981731715
03/10/2017;11:00:00;6.87457304878624
03/10/2017;12:00:00;7.12546664029625
03/10/2017;13:00:00;7.23446155242795
03/10/2017;14:00:00;7.26036522653396
03/10/2017;15:00:00;7.24858489036917
03/10/2017;16:00:00;7.20703568581341
03/10/2017;17:00:00;7.2122853842648
03/10/2017;18:00:00;7.16391488576819
03/10/2017;19:00:00;7.15129846877488
03/10/2017;20:00:00;7.10050210024927
03/10/2017;21:00:00;7.07718242830132
03/10/2017;22:00:00;7.06184437786752
03/10/2017;23:00:00;7.04632676830798
03/11/2017;00:00:00;7.0198685031519
03/11/2017;01:00:00;7.02432910752303
03/11/2017;02:00:00;6.99173092993251
03/11/2017;03:00:00;6.96411225663371
03/11/2017;04:00:00;6.965103175337
03/11/2017;05:00:00;6.95210604723728
03/11/2017;06:00:00;6.96511097523736
03/11/2017;07:00:00;6.96982682104702
03/11/2017;08:00:00;6.97321583872895
03/11/2017;09:00:00;6.98381146893397
03/11/2017;10:00:00;6.97988484192286
03/11/2017;11:00:00;6.98142742662943
03/11/2017;12:00:00;6.93882149172272
03/11/2017;13:00:00;6.82211629704274
03/11/2017;14:00:00;6.69833501772238
03/11/2017;15:00:00;6.67564316078616
03/11/2017;16:00:00;6.67804654094966
03/11/2017;17:00:00;6.62687857971402
03/11/2017;18:00:00;6.64211324195856
03/11/2017;19:00:00;6.68633576032869
03/11/2017;20:00:00;6.68035534593027
03/11/2017;21:00:00;6.70479125502629
03/11/2017;22:00:00;6.698879895295
03/11/2017;23:00:00;6.68852199113938
03/12/2017;00:00:00;6.69164124596978
03/12/2017;01:00:00;6.66644013502009
03/12/2017;02:00:00;6.62746404346415
03/12/2017;03:00:00;6.59599585338482
03/12/2017;04:00:00;6.55210013281363
03/12/2017;05:00:00;6.52571420090239
03/12/2017;06:00:00;6.59589775069101
03/12/2017;07:00:00;6.5389078006896
03/12/2017;08:00:00;6.54520952515566
03/12/2017;09:00:00;6.51499612856126
03/12/2017;10:00:00;6.50273843702767
03/12/2017;11:00:00;6.54101009054142
03/12/2017;12:00:00;6.55144756149424
03/12/2017;13:00:00;6.53106219957274
03/12/2017;14:00:00;6.49436090280455
03/12/2017;15:00:00;6.58672332088116
03/12/2017;16:00:00;6.54934225305305
03/12/2017;17:00:00;6.56142731827255
03/12/2017;18:00:00;6.57436992964694
03/12/2017;19:00:00;6.56433959207465
03/12/2017;20:00:00;6.58009384869797
03/12/2017;21:00:00;6.6032866705821
03/12/2017;22:00:00;6.55676115048322
03/12/2017;23:00:00;6.58597981920022
03/13/2017;00:00:00;6.59440248269646
03/13/2017;01:00:00;6.61629188131819
03/13/2017;02:00:00;6.63263171305441
03/13/2017;03:00:00;6.62530152754677
03/13/2017;04:00:00;6.64473801546038
03/13/2017;05:00:00;6.65201462186481
03/13/2017;06:00:00;6.64290965384721
03/13/2017;07:00:00;6.62002363642761
03/13/2017;08:00:00;6.53444730729511
03/13/2017;09:00:00;6.60529008119476
03/13/2017;10:00:00;6.76648950548614
03/13/2017;11:00:00;6.74558121860198
03/13/2017;12:00:00;6.73284028390914
03/13/2017;13:00:00;6.74468584112158
03/13/2017;14:00:00;6.76041903504233
03/13/2017;15:00:00;6.76790725093719
03/13/2017;16:00:00;6.76081581611689
03/13/2017;17:00:00;6.77554083940701
03/13/2017;18:00:00;6.78407575994602
03/13/2017;19:00:00;6.78089415654198
03/13/2017;20:00:00;6.76595137484786
03/13/2017;21:00:00;6.78685830599936
03/13/2017;22:00:00;6.75799978594289
03/13/2017;23:00:00;6.72825728988483
03/14/2017;00:00:00;6.71825544621836
03/14/2017;01:00:00;6.70097475444657
03/14/2017;02:00:00;6.72776999637293
03/14/2017;03:00:00;6.72489696250071
03/14/2017;04:00:00;6.68542242133275
03/14/2017;05:00:00;6.65768490293689
03/14/2017;06:00:00;6.6085814008296
03/14/2017;07:00:00;6.57480651800745
03/14/2017;08:00:00;6.61130292473997
03/14/2017;09:00:00;6.63137585620176
03/14/2017;10:00:00;6.59796882541249
03/14/2017;11:00:00;6.61316564988574
03/14/2017;12:00:00;6.79701886579275
03/14/2017;13:00:00;6.69247672109207
03/14/2017;14:00:00;6.64802876628494
03/14/2017;15:00:00;6.63748543258815
03/14/2017;16:00:00;6.64865263922124
03/14/2017;17:00:00;6.61492309488331
03/14/2017;18:00:00;6.58783214760804
03/14/2017;19:00:00;6.52305686778322
03/14/2017;20:00:00;6.50433788154491
03/14/2017;21:00:00;6.52938314386964
03/14/2017;22:00:00;6.52616348213637
03/14/2017;23:00:00;6.51030445493786
03/15/2017;00:00:00;6.5614723493163
03/15/2017;01:00:00;6.50901399882373
03/15/2017;02:00:00;6.52122816544412
03/15/2017;03:00:00;6.51878398092617
03/15/2017;04:00:00;6.53439464376241
03/15/2017;05:00:00;6.58581474365262
03/15/2017;06:00:00;6.65259542216119
03/15/2017;07:00:00;6.64005917021346
03/15/2017;08:00:00;6.5745772608472
03/15/2017;09:00:00;6.56899388740161
03/15/2017;10:00:00;6.568609684629
03/15/2017;11:00:00;6.54479992343152
03/15/2017;12:00:00;6.55748230197128
03/15/2017;13:00:00;6.54401948976074
03/15/2017;14:00:00;6.54861689201532
03/15/2017;15:00:00;6.55868630758396
03/15/2017;16:00:00;6.57642133580685
03/15/2017;17:00:00;6.58738614242548
03/15/2017;18:00:00;6.59060973064381
03/15/2017;19:00:00;6.58221584361966
03/15/2017;20:00:00;6.5783044733594
03/15/2017;21:00:00;6.56993037531749
03/15/2017;22:00:00;6.53407021390611
03/15/2017;23:00:00;6.49092706498012
03/16/2017;00:00:00;6.44929748692219
03/16/2017;01:00:00;6.43738811210719
03/16/2017;02:00:00;6.39522897772532
03/16/2017;03:00:00;6.42170880557478
03/16/2017;04:00:00;6.46015380565749
03/16/2017;05:00:00;6.48316618179669
03/16/2017;06:00:00;6.50598441917589
03/16/2017;07:00:00;6.51748082549649
03/16/2017;08:00:00;6.5073841352128
03/16/2017;09:00:00;6.53352504870419
03/16/2017;10:00:00;6.56252991130363
03/16/2017;11:00:00;6.57000740211575
03/16/2017;12:00:00;6.60136075304485
03/16/2017;13:00:00;6.57996410703474
03/16/2017;14:00:00;6.56715262432384
03/16/2017;15:00:00;6.56363698170214
03/16/2017;16:00:00;6.59156126517807
03/16/2017;17:00:00;6.60769966330141
03/16/2017;18:00:00;6.59448155742388
03/16/2017;19:00:00;6.60418178848931
03/16/2017;20:00:00;6.58627753249776
03/16/2017;21:00:00;6.5978296921114
03/16/2017;22:00:00;6.5933833106727
03/16/2017;23:00:00;6.65994106182116
03/17/2017;00:00:00;6.70326784942273
03/17/2017;01:00:00;6.59857300899073
03/17/2017;02:00:00;6.55857288464877
03/17/2017;03:00:00;6.51157285745211
03/17/2017;04:00:00;6.63401243847672
03/17/2017;05:00:00;6.62122611881216
03/17/2017;06:00:00;6.623464246998
03/17/2017;07:00:00;6.59579659590857
03/17/2017;08:00:00;6.58198737200835
03/17/2017;09:00:00;6.56040236471021
03/17/2017;10:00:00;6.60309086867946
03/17/2017;11:00:00;6.63863225521373
03/17/2017;12:00:00;6.63644370762578
03/17/2017;13:00:00;6.59476617706473
03/17/2017;14:00:00;6.66096875959114
03/17/2017;15:00:00;6.63009070416289
03/17/2017;16:00:00;6.62636331547463
03/17/2017;17:00:00;6.65069009276349
03/17/2017;18:00:00;6.6488830396607
03/17/2017;19:00:00;6.63551902309799
03/17/2017;20:00:00;6.62477891515684
03/17/2017;21:00:00;6.61225435705925
03/17/2017;22:00:00;6.56541308418915
03/17/2017;23:00:00;6.55365218585872
03/18/2017;00:00:00;6.56709548794918
03/18/2017;01:00:00;6.49967355137626
03/18/2017;02:00:00;6.55511276692886
03/18/2017;03:00:00;6.58278064617786
03/18/2017;04:00:00;6.60506020809812
03/18/2017;05:00:00;6.59874150164503
03/18/2017;06:00:00;6.49978763180622
03/18/2017;07:00:00;6.4362282989606
03/18/2017;08:00:00;6.43755222759611
03/18/2017;09:00:00;6.44582997867599
03/18/2017;10:00:00;6.4496164320043
03/18/2017;11:00:00;6.45176024475591
03/18/2017;12:00:00;6.48012703496903
03/18/2017;13:00:00;6.46033413757834
03/18/2017;14:00:00;6.47158234561401
03/18/2017;15:00:00;6.48308716950442
03/18/2017;16:00:00;6.56753717056922
03/18/2017;17:00:00;6.67251643783644
03/18/2017;18:00:00;6.56420089351984
03/18/2017;19:00:00;6.50380785549725
03/18/2017;20:00:00;6.48098988701619
03/18/2017;21:00:00;6.47991124697911
03/18/2017;22:00:00;6.52148395195936
03/18/2017;23:00:00;6.53920336111533
03/19/2017;00:00:00;6.55022370846886
03/19/2017;01:00:00;6.56083540249874
03/19/2017;02:00:00;6.56002123454627
03/19/2017;03:00:00;6.5533874199542
03/19/2017;04:00:00;6.47113954356842
03/19/2017;05:00:00;6.43709313393224
03/19/2017;06:00:00;6.42710140731939
03/19/2017;07:00:00;6.42079869774208
03/19/2017;08:00:00;6.42482926786929
03/19/2017;09:00:00;6.44855210383771
03/19/2017;10:00:00;6.47107420168633
03/19/2017;11:00:00;6.48342590632177
03/19/2017;12:00:00;6.50275430699954
03/19/2017;13:00:00;6.55082381995411
03/19/2017;14:00:00;6.54304295832025
03/19/2017;15:00:00;6.51571217910889
03/19/2017;16:00:00;6.59157924268661
03/19/2017;17:00:00;6.62136358249732
03/19/2017;18:00:00;6.60439625789581
03/19/2017;19:00:00;6.61831702217569
03/19/2017;20:00:00;6.60015397305372
03/19/2017;21:00:00;6.60194350607505
03/19/2017;22:00:00;6.58520345157747
03/19/2017;23:00:00;6.58792365864514
03/20/2017;00:00:00;6.53042549796044
03/20/2017;01:00:00;6.531546629855
03/20/2017;02:00:00;6.50615362113848
03/20/2017;03:00:00;6.47016433318913
03/20/2017;04:00:00;6.47811308152551
03/20/2017;05:00:00;6.52397535943691
03/20/2017;06:00:00;6.54423185412376
03/20/2017;07:00:00;6.55313297223612
03/20/2017;08:00:00;6.57516017727871
03/20/2017;09:00:00;6.61589434402169
03/20/2017;10:00:00;6.5802502124481
03/20/2017;11:00:00;6.62278291583097
03/20/2017;12:00:00;6.64553981578709
03/20/2017;13:00:00;6.62615617007282
03/20/2017;14:00:00;6.59500481325313
03/20/2017;15:00:00;6.59797431513651
03/20/2017;16:00:00;6.64376757893643
03/20/2017;17:00:00;6.5848580307553
03/20/2017;18:00:00;6.70466098244669
03/20/2017;19:00:00;7.0165384638867
03/20/2017;20:00:00;7.11539065109044
03/20/2017;21:00:00;7.08284210922432
03/20/2017;22:00:00;7.01050819612435
03/20/2017;23:00:00;6.97526454832486
03/21/2017;00:00:00;6.92852990962964
03/21/2017;01:00:00;6.89950053448204
03/21/2017;02:00:00;6.87783956637496
03/21/2017;03:00:00;6.92089701793797
03/21/2017;04:00:00;6.8931907213929
03/21/2017;05:00:00;6.89209239183894
03/21/2017;06:00:00;6.81861765363869
03/21/2017;07:00:00;6.79925854806691
03/21/2017;08:00:00;6.81662182257587
03/21/2017;09:00:00;6.84620815528365
03/21/2017;10:00:00;6.87045933443173
03/21/2017;11:00:00;6.85138877690334
03/21/2017;12:00:00;6.85933334046914
03/21/2017;13:00:00;6.88145218690206
03/21/2017;14:00:00;6.8551347392627
03/21/2017;15:00:00;6.87014866671397
03/21/2017;16:00:00;6.85707706966291
03/21/2017;17:00:00;6.87843723447918
03/21/2017;18:00:00;6.82775560863021
03/21/2017;19:00:00;6.86733550856385
03/21/2017;20:00:00;6.88007296103199
03/21/2017;21:00:00;6.80178108934933
03/21/2017;22:00:00;6.79391968465603
03/21/2017;23:00:00;6.79206240147907
03/22/2017;00:00:00;6.79158728110413
03/22/2017;01:00:00;6.7951826259659
03/22/2017;02:00:00;6.77863710639047
03/22/2017;03:00:00;6.73813213196513
03/22/2017;04:00:00;6.76369226855128
03/22/2017;05:00:00;6.76162003347732
03/22/2017;06:00:00;6.85279409924514
03/22/2017;07:00:00;6.88687598906762
03/22/2017;08:00:00;6.86638700781557
03/22/2017;09:00:00;6.84619011197931
03/22/2017;10:00:00;6.82329747192594
03/22/2017;11:00:00;6.90638008422579
03/22/2017;12:00:00;6.94508051553935
03/22/2017;13:00:00;6.85551558635075
03/22/2017;14:00:00;6.84615659748433
03/22/2017;15:00:00;6.81396320630828
03/22/2017;16:00:00;6.85811953481133
03/22/2017;17:00:00;6.89801567155686
03/22/2017;18:00:00;6.89177367730552
03/22/2017;19:00:00;6.86929554506021
03/22/2017;20:00:00;6.84637322312785
03/22/2017;21:00:00;6.81289054230349
03/22/2017;22:00:00;6.77071265503672
03/22/2017;23:00:00;6.78061495673482
03/23/2017;00:00:00;6.77891965673824
03/23/2017;01:00:00;6.82412764061998
03/23/2017;02:00:00;6.86977113011127
03/23/2017;03:00:00;6.76530334694819
03/23/2017;04:00:00;6.74928877183296
03/23/2017;05:00:00;6.76814053747692
03/23/2017;06:00:00;6.78588388191125
03/23/2017;07:00:00;6.78737506352778
03/23/2017;08:00:00;6.76078046008433
03/23/2017;09:00:00;6.74690134741699
03/23/2017;10:00:00;6.73484908628736
03/23/2017;11:00:00;6.74673151275788
03/23/2017;12:00:00;6.75069804875778
03/23/2017;13:00:00;6.72332928038733
03/23/2017;14:00:00;6.72746115976986
03/23/2017;15:00:00;6.73098571386255
03/23/2017;16:00:00;6.78511919120302
03/23/2017;17:00:00;6.68783550956783
03/23/2017;18:00:00;6.70144451754718
03/23/2017;19:00:00;6.71133835428112
03/23/2017;20:00:00;6.7058549901062
03/23/2017;21:00:00;6.70060598521318
03/23/2017;22:00:00;6.73977126609111
03/23/2017;23:00:00;6.78735558432509
03/24/2017;00:00:00;6.78215318369017
03/24/2017;01:00:00;6.7489202127024
03/24/2017;02:00:00;6.75181822057599
03/24/2017;03:00:00;6.79178127856198
03/24/2017;04:00:00;6.75531056629787
03/24/2017;05:00:00;6.77045834693209
03/24/2017;06:00:00;6.82276423219334
03/24/2017;07:00:00;6.81850743291056
03/24/2017;08:00:00;6.80320176437158
03/24/2017;09:00:00;6.77630982346241
03/24/2017;10:00:00;6.78523137609802
03/24/2017;11:00:00;6.79768156455652
03/24/2017;12:00:00;6.78598307129427
03/24/2017;13:00:00;6.7704524165805
03/24/2017;14:00:00;6.65639815640011
03/24/2017;15:00:00;6.59264949662961
03/24/2017;16:00:00;6.66776006804271
03/24/2017;17:00:00;6.7617166597803
03/24/2017;18:00:00;6.82857943372593
03/24/2017;19:00:00;6.90040063879848
03/24/2017;20:00:00;6.97065362223256
03/24/2017;21:00:00;7.19444093644401
03/24/2017;22:00:00;7.2393809028018
03/24/2017;23:00:00;7.25962707368943
03/25/2017;00:00:00;7.2739832109536
03/25/2017;01:00:00;7.40652874436403
03/25/2017;02:00:00;7.56139031098303
03/25/2017;03:00:00;7.7859634099945
03/25/2017;04:00:00;7.79142231766305
03/25/2017;05:00:00;7.66168246595319
03/25/2017;06:00:00;7.72680123473502
03/25/2017;07:00:00;7.8153704586118
03/25/2017;08:00:00;7.75796929721239
03/25/2017;09:00:00;7.71874384575357
03/25/2017;10:00:00;7.62613889372908
03/25/2017;11:00:00;7.61610351022337
03/25/2017;12:00:00;7.6919650971597
03/25/2017;13:00:00;7.65653507491716
03/25/2017;14:00:00;7.66950654387435
03/25/2017;15:00:00;7.65070956550727
03/25/2017;16:00:00;7.59979499324202
03/25/2017;17:00:00;7.61728339437928
03/25/2017;18:00:00;7.61412813791418
03/25/2017;19:00:00;7.58803221691316
03/25/2017;20:00:00;7.56462674540441
03/25/2017;21:00:00;7.58510506477144
03/25/2017;22:00:00;7.65128206805072
03/25/2017;23:00:00;7.62116172262578
03/26/2017;00:00:00;7.65821624917544
03/26/2017;01:00:00;7.59860728286764
03/26/2017;02:00:00;7.61046922243777
03/26/2017;03:00:00;7.59466194838473
03/26/2017;04:00:00;7.59610448994049
03/26/2017;05:00:00;7.56956229658516
03/26/2017;06:00:00;7.51107647116118
03/26/2017;07:00:00;7.44795905413406
03/26/2017;08:00:00;7.44653946135534
03/26/2017;09:00:00;7.47197211428596
03/26/2017;10:00:00;7.49140339930297
03/26/2017;11:00:00;7.52393597107348
03/26/2017;12:00:00;7.61692364661457
03/26/2017;13:00:00;7.66148585203095
03/26/2017;14:00:00;7.70833569612213
03/26/2017;15:00:00;7.69524981529746
03/26/2017;16:00:00;7.7634202920832
03/26/2017;17:00:00;7.85301663187395
03/26/2017;18:00:00;7.84217235653442
03/26/2017;19:00:00;7.79251741230104
03/26/2017;20:00:00;7.8264486187561
03/26/2017;21:00:00;7.85961763301346
03/26/2017;22:00:00;7.84444421952507
03/26/2017;23:00:00;7.78392387418268
03/27/2017;00:00:00;7.72404657354256
03/27/2017;01:00:00;7.71140443114711
03/27/2017;02:00:00;7.72274428186712
03/27/2017;03:00:00;7.73937596159613
03/27/2017;04:00:00;7.67263674593176
03/27/2017;05:00:00;7.51681735604875
03/27/2017;06:00:00;7.45625960139796
03/27/2017;07:00:00;7.48750649386837
03/27/2017;08:00:00;7.5677038663914
03/27/2017;09:00:00;7.61338169264816
03/27/2017;10:00:00;7.74297154641461
03/27/2017;11:00:00;7.80273110265075
03/27/2017;12:00:00;7.78413469308209
03/27/2017;13:00:00;7.8323359617683
03/27/2017;14:00:00;7.97789599241703
03/27/2017;15:00:00;7.97630815028488
03/27/2017;16:00:00;7.96766160017379
03/27/2017;17:00:00;7.96393552453033
03/27/2017;18:00:00;8.00003804588971
03/27/2017;19:00:00;7.95150357434038
03/27/2017;20:00:00;7.92101756130522
03/27/2017;21:00:00;7.83030688254932
03/27/2017;22:00:00;7.82329556820757
03/27/2017;23:00:00;7.82308766668615
03/28/2017;00:00:00;7.80478476637319
03/28/2017;01:00:00;7.77742647128562
03/28/2017;02:00:00;7.7377466838578
03/28/2017;03:00:00;7.80375556147046
03/28/2017;04:00:00;7.69369199570065
03/28/2017;05:00:00;7.75941571962426
03/28/2017;06:00:00;7.77277571445998
03/28/2017;07:00:00;7.83358604022849
03/28/2017;08:00:00;7.9170266014903
03/28/2017;09:00:00;7.85955194209445
03/28/2017;10:00:00;7.89102423250561
03/28/2017;11:00:00;7.85584513676683
03/28/2017;12:00:00;7.68968671028896
03/28/2017;13:00:00;7.78692751812783
03/28/2017;14:00:00;7.77149540109897
03/28/2017;15:00:00;7.76899196492965
03/28/2017;16:00:00;7.80558613176265
03/28/2017;17:00:00;7.8239315885923
03/28/2017;18:00:00;7.76677297380149
03/28/2017;19:00:00;7.84350815225956
03/28/2017;20:00:00;7.8822566685913
03/28/2017;21:00:00;7.87725375670098
03/28/2017;22:00:00;7.83071346851833
03/28/2017;23:00:00;7.85251929115123
03/29/2017;00:00:00;7.83801081651687
03/29/2017;01:00:00;7.77734411752072
03/29/2017;02:00:00;7.74314905995245
03/29/2017;03:00:00;7.739663694635
03/29/2017;04:00:00;7.67580588598866
03/29/2017;05:00:00;7.62658309741796
03/29/2017;06:00:00;7.62479589914582
03/29/2017;07:00:00;7.57445208048154
03/29/2017;08:00:00;7.59177996716235
03/29/2017;09:00:00;7.58577960032495
03/29/2017;10:00:00;7.58711000840093
03/29/2017;11:00:00;7.60138797934868
03/29/2017;12:00:00;7.5562062461816
03/29/2017;13:00:00;7.61217578893931
03/29/2017;14:00:00;7.46756922336505
03/29/2017;15:00:00;7.40816649399804
03/29/2017;16:00:00;7.28044911868468
03/29/2017;17:00:00;7.2113528485879
03/29/2017;18:00:00;7.18777463401934
03/29/2017;19:00:00;7.16958312629186
03/29/2017;20:00:00;7.20484789431586
03/29/2017;21:00:00;7.17595915103706
03/29/2017;22:00:00;7.13892681772906
03/29/2017;23:00:00;7.12108018001187
03/30/2017;00:00:00;7.05407223918811
03/30/2017;01:00:00;6.99555334569889
03/30/2017;02:00:00;6.9764985268455
03/30/2017;03:00:00;6.94510123592989
03/30/2017;04:00:00;6.93897502765257
03/30/2017;05:00:00;7.11497104562994
03/30/2017;06:00:00;6.99078506900452
03/30/2017;07:00:00;7.07731338575859
03/30/2017;08:00:00;7.26316205352938
03/30/2017;09:00:00;7.22172983879459
03/30/2017;10:00:00;7.27688366376746
03/30/2017;11:00:00;7.25510520712208
03/30/2017;12:00:00;7.27905346920087
03/30/2017;13:00:00;7.29898875344728
03/30/2017;14:00:00;7.26185584007544
03/30/2017;15:00:00;7.20945909542142
03/30/2017;16:00:00;7.16561695998607
03/30/2017;17:00:00;7.16892951531139
03/30/2017;18:00:00;7.13918144357732
03/30/2017;19:00:00;7.12262267560176
03/30/2017;20:00:00;7.12705844307562
03/30/2017;21:00:00;7.14011874237331
03/30/2017;22:00:00;7.12627489776034
03/30/2017;23:00:00;7.13890937077272
03/31/2017;00:00:00;7.18513376905765
03/31/2017;01:00:00;7.16853203743555
03/31/2017;02:00:00;7.20816650758963
03/31/2017;03:00:00;7.21689008042785
03/31/2017;04:00:00;7.24721712808592
03/31/2017;05:00:00;7.28290297116935
03/31/2017;06:00:00;7.29073457706686
03/31/2017;07:00:00;7.31228725506151
03/31/2017;08:00:00;7.36778882812966
03/31/2017;09:00:00;7.40307754011575
03/31/2017;10:00:00;7.42223734638341
03/31/2017;11:00:00;7.46575740610418
03/31/2017;12:00:00;7.54114041924577
03/31/2017;13:00:00;7.56431613155195
03/31/2017;14:00:00;7.53566469763819
03/31/2017;15:00:00;7.5745224664817
03/31/2017;16:00:00;7.59251271766872
03/31/2017;17:00:00;7.52806542423785
03/31/2017;18:00:00;7.39578337633546
03/31/2017;19:00:00;7.32502022893679
03/31/2017;20:00:00;7.22844294011009
03/31/2017;21:00:00;7.17810196347552
03/31/2017;22:00:00;7.10936168735727
03/31/2017;23:00:00;7.08484998539005
04/01/2017;00:00:00;7.02631415962389
04/01/2017;01:00:00;7.00949275904428
04/01/2017;02:00:00;6.97623228720021
04/01/2017;03:00:00;6.95932169690453
04/01/2017;04:00:00;6.90603754840488
04/01/2017;05:00:00;6.85859509475864
04/01/2017;06:00:00;6.88901019527203
04/01/2017;07:00:00;6.88154795436912
04/01/2017;08:00:00;6.85576738014718
04/01/2017;09:00:00;6.91215116526267
04/01/2017;10:00:00;6.98797856959775
04/01/2017;11:00:00;7.03344058607156
04/01/2017;12:00:00;7.0224820773251
04/01/2017;13:00:00;7.02896930075636
04/01/2017;14:00:00;7.08903483241053
04/01/2017;15:00:00;7.1303572977454
04/01/2017;16:00:00;7.10613063577421
04/01/2017;17:00:00;7.0996878047486
04/01/2017;18:00:00;7.06432327505846
04/01/2017;19:00:00;7.0692932172639
04/01/2017;20:00:00;7.0787188426081
04/01/2017;21:00:00;7.06865296068001
04/01/2017;22:00:00;7.0166958601006
04/01/2017;23:00:00;6.91724380813767
04/02/2017;00:00:00;6.72439790576382
04/02/2017;01:00:00;6.68241551298735
04/02/2017;02:00:00;6.57847979918803
04/02/2017;03:00:00;6.5268051680583
04/02/2017;04:00:00;6.50575333753387
04/02/2017;05:00:00;6.49315046845938
04/02/2017;06:00:00;6.48832047767879
04/02/2017;07:00:00;6.52170817600687
04/02/2017;08:00:00;6.46190867442893
04/02/2017;09:00:00;6.44683357511167
04/02/2017;10:00:00;6.46940806325797
04/02/2017;11:00:00;6.52096848834153
04/02/2017;12:00:00;6.53281862152412
04/02/2017;13:00:00;6.52048897189897
04/02/2017;14:00:00;6.52141404484964
04/02/2017;15:00:00;6.56882702817883
04/02/2017;16:00:00;6.52637668449942
04/02/2017;17:00:00;6.48807392071873
04/02/2017;18:00:00;6.44548126141998
04/02/2017;19:00:00;6.43375322936512
04/02/2017;20:00:00;6.36533438869156
04/02/2017;21:00:00;6.32293524040509
04/02/2017;22:00:00;6.30182240699681
04/02/2017;23:00:00;6.28901186027186
04/03/2017;00:00:00;6.2496078504865
04/03/2017;01:00:00;6.23586560840178
04/03/2017;02:00:00;6.22257016232966
04/03/2017;03:00:00;6.24321369220173
04/03/2017;04:00:00;6.29536575148006
04/03/2017;05:00:00;6.25851837849901
04/03/2017;06:00:00;6.22055030191313
04/03/2017;07:00:00;6.20655105476973
04/03/2017;08:00:00;6.24581047299539
04/03/2017;09:00:00;6.26582019896463
04/03/2017;10:00:00;6.30413975264364
04/03/2017;11:00:00;6.32861757907502
04/03/2017;12:00:00;6.34096796844246
04/03/2017;13:00:00;6.265520240262
04/03/2017;14:00:00;6.27517591284443
04/03/2017;15:00:00;6.2568668088211
04/03/2017;16:00:00;6.26101255897957
04/03/2017;17:00:00;6.23734329943489
04/03/2017;18:00:00;6.2106670425679
04/03/2017;19:00:00;6.20152550447206
04/03/2017;20:00:00;6.2127677055509
04/03/2017;21:00:00;6.20410012699526
04/03/2017;22:00:00;6.18087425635641
04/03/2017;23:00:00;6.20382176148116
04/04/2017;00:00:00;6.19407016483901
04/04/2017;01:00:00;6.15976243067319
04/04/2017;02:00:00;6.14543288555855
04/04/2017;03:00:00;6.20876510732312
04/04/2017;04:00:00;6.16266427494248
04/04/2017;05:00:00;6.154911687567
04/04/2017;06:00:00;6.16313027185698
04/04/2017;07:00:00;6.17162116203404
04/04/2017;08:00:00;6.19577115565476
04/04/2017;09:00:00;6.18641056502822
04/04/2017;10:00:00;6.19887237369736
04/04/2017;11:00:00;6.22377148686982
04/04/2017;12:00:00;6.26521359382798
04/04/2017;13:00:00;6.27150093707948
04/04/2017;14:00:00;6.28084904945373
04/04/2017;15:00:00;6.26983000291152
04/04/2017;16:00:00;6.25627347891991
04/04/2017;17:00:00;6.26993752852341
04/04/2017;18:00:00;6.27338737467561
04/04/2017;19:00:00;6.26127260519147
04/04/2017;20:00:00;6.21353180219868
04/04/2017;21:00:00;6.17715171982398
04/04/2017;22:00:00;6.20077840057768
04/04/2017;23:00:00;6.19248436536726
04/05/2017;00:00:00;6.20211983032744
04/05/2017;01:00:00;6.21333413054881
04/05/2017;02:00:00;6.19573702521551
04/05/2017;03:00:00;6.2207352523601
04/05/2017;04:00:00;6.26679466692165
04/05/2017;05:00:00;6.25225446166379
04/05/2017;06:00:00;6.26041743712195
04/05/2017;07:00:00;6.31165031293082
04/05/2017;08:00:00;6.30016103002176
04/05/2017;09:00:00;6.28638843393322
04/05/2017;10:00:00;6.29508648255519
04/05/2017;11:00:00;6.29271689205766
04/05/2017;12:00:00;6.26190941006985
04/05/2017;13:00:00;6.24907960372879
04/05/2017;14:00:00;6.23551856639253
04/05/2017;15:00:00;6.3498469039539
04/05/2017;16:00:00;6.24163558450549
04/05/2017;17:00:00;6.16091015617444
04/05/2017;18:00:00;6.08120837580857
04/05/2017;19:00:00;6.06838491242268
04/05/2017;20:00:00;6.08121480770777
04/05/2017;21:00:00;6.12925932068871
04/05/2017;22:00:00;6.1148416078285
04/05/2017;23:00:00;6.13946046249482
04/06/2017;00:00:00;6.14494424524759
04/06/2017;01:00:00;6.17483157639516
04/06/2017;02:00:00;6.17659504092293
04/06/2017;03:00:00;6.14669769503351
04/06/2017;04:00:00;6.03372570412561
04/06/2017;05:00:00;6.03054047974867
04/06/2017;06:00:00;6.07895027982387
04/06/2017;07:00:00;6.11196072873421
04/06/2017;08:00:00;6.15115136928624
04/06/2017;09:00:00;6.15589137977018
04/06/2017;10:00:00;6.19394928711412
04/06/2017;11:00:00;6.22018305262632
04/06/2017;12:00:00;6.23700448252958
04/06/2017;13:00:00;6.24624918633338
04/06/2017;14:00:00;6.23937762680111
04/06/2017;15:00:00;6.27327142323411
04/06/2017;16:00:00;6.24872087991748
04/06/2017;17:00:00;6.21855225500649
04/06/2017;18:00:00;6.1979921597592
04/06/2017;19:00:00;6.20183702466905
04/06/2017;20:00:00;6.21776648207647
04/06/2017;21:00:00;6.23608909917987
04/06/2017;22:00:00;6.22043851326558
04/06/2017;23:00:00;6.21280831361391
04/07/2017;00:00:00;6.18558971043233
04/07/2017;01:00:00;6.16981154606543
04/07/2017;02:00:00;6.17201269761633
04/07/2017;03:00:00;6.16306208632143
04/07/2017;04:00:00;6.19502836105023
04/07/2017;05:00:00;6.18205130911833
04/07/2017;06:00:00;6.12409568042049
04/07/2017;07:00:00;6.14444404802609
04/07/2017;08:00:00;6.16874997565
04/07/2017;09:00:00;6.20922056463829
04/07/2017;10:00:00;6.26560740051625
04/07/2017;11:00:00;6.27267425254687
04/07/2017;12:00:00;6.32012481580475
04/07/2017;13:00:00;6.28738169247872
04/07/2017;14:00:00;6.26654211109449
04/07/2017;15:00:00;6.26065981135211
04/07/2017;16:00:00;6.28916400640954
04/07/2017;17:00:00;6.27730769514822
04/07/2017;18:00:00;6.24847252215127
04/07/2017;19:00:00;6.22584552153798
04/07/2017;20:00:00;6.2346931730247
04/07/2017;21:00:00;6.23962571474629
04/07/2017;22:00:00;6.23227068862879
04/07/2017;23:00:00;6.23449152589319
04/08/2017;00:00:00;6.22366079649684
04/08/2017;01:00:00;6.23771594331542
04/08/2017;02:00:00;6.23903575016807
04/08/2017;03:00:00;6.24176220126793
04/08/2017;04:00:00;6.23095165478822
04/08/2017;05:00:00;6.21201009438238
04/08/2017;06:00:00;6.20940991115541
04/08/2017;07:00:00;6.21057458572971
04/08/2017;08:00:00;6.20135349042379
04/08/2017;09:00:00;6.22052228765736
04/08/2017;10:00:00;6.25456666648837
04/08/2017;11:00:00;6.25494000983756
04/08/2017;12:00:00;6.24433752227362
04/08/2017;13:00:00;6.25676803876329
04/08/2017;14:00:00;6.23906302908357
04/08/2017;15:00:00;6.24047391963618
04/08/2017;16:00:00;6.23431490709228
04/08/2017;17:00:00;6.18982784428198
04/08/2017;18:00:00;6.19078323217708
04/08/2017;19:00:00;6.16964997293766
04/08/2017;20:00:00;6.22708783173029
04/08/2017;21:00:00;6.26144901861376
04/08/2017;22:00:00;6.22953057779801
04/08/2017;23:00:00;6.22188924318899
04/09/2017;00:00:00;6.23098411304855
04/09/2017;01:00:00;6.25121260213724
04/09/2017;02:00:00;6.26764643509268
04/09/2017;03:00:00;6.28107092299643
04/09/2017;04:00:00;6.26386762353083
04/09/2017;05:00:00;6.27061269126252
04/09/2017;06:00:00;6.24209685602649
04/09/2017;07:00:00;6.24259789216005
04/09/2017;08:00:00;6.2583625408526
04/09/2017;09:00:00;6.32772296801919
04/09/2017;10:00:00;6.28930292640076
04/09/2017;11:00:00;6.32821736653737
04/09/2017;12:00:00;6.31827633474497
04/09/2017;13:00:00;6.24392910633826
04/09/2017;14:00:00;6.27224399344822
04/09/2017;15:00:00;6.3036843481874
04/09/2017;16:00:00;6.3050743165214
04/09/2017;17:00:00;6.36804299903054
04/09/2017;18:00:00;6.32379626482826
04/09/2017;19:00:00;6.30653451757619
04/09/2017;20:00:00;6.31830365287144
04/09/2017;21:00:00;6.31492818323981
04/09/2017;22:00:00;6.31538386540739
04/09/2017;23:00:00;6.32100196075714
04/10/2017;00:00:00;6.31368161710909
04/10/2017;01:00:00;6.30139021658245
04/10/2017;02:00:00;6.27234295263266
04/10/2017;03:00:00;6.29572605671747
04/10/2017;04:00:00;6.27126434625386
04/10/2017;05:00:00;6.25169761794901
04/10/2017;06:00:00;6.33298335526092
04/10/2017;07:00:00;6.28879919118418
04/10/2017;08:00:00;6.34814798032909
04/10/2017;09:00:00;6.38275716087765
04/10/2017;10:00:00;6.43057597235029
04/10/2017;11:00:00;6.45673251374139
04/10/2017;12:00:00;6.60527946230363
04/10/2017;13:00:00;6.67551990013481
04/10/2017;14:00:00;6.66263560931839
04/10/2017;15:00:00;6.65699757906223
04/10/2017;16:00:00;6.65411268787686
04/10/2017;17:00:00;6.66896228089192
04/10/2017;18:00:00;6.60405802827703
04/10/2017;19:00:00;6.56713701297265
04/10/2017;20:00:00;6.51063913971815
04/10/2017;21:00:00;6.43168621814927
04/10/2017;22:00:00;6.3452630282058
04/10/2017;23:00:00;6.32100344452287
04/11/2017;00:00:00;6.30555401030118
04/11/2017;01:00:00;6.26594936401083
04/11/2017;02:00:00;6.22427828332076
04/11/2017;03:00:00;6.40005952265987
04/11/2017;04:00:00;6.4784642994559
04/11/2017;05:00:00;6.47376678268683
04/11/2017;06:00:00;6.44239302599233
04/11/2017;07:00:00;6.43420572911244
04/11/2017;08:00:00;6.55782324900907
04/11/2017;09:00:00;6.46762429392376
04/11/2017;10:00:00;6.4672487733609
04/11/2017;11:00:00;6.45888758502211
04/11/2017;12:00:00;6.41740946634917
04/11/2017;13:00:00;6.4551459989684
04/11/2017;14:00:00;6.52427814994546
04/11/2017;15:00:00;6.51514373915925
04/11/2017;16:00:00;6.48173884549007
04/11/2017;17:00:00;6.47458075893441
04/11/2017;18:00:00;6.55877431235587
04/11/2017;19:00:00;6.56919774785877
04/11/2017;20:00:00;6.52326850408109
04/11/2017;21:00:00;6.48656085302291
04/11/2017;22:00:00;6.51348454919583
04/11/2017;23:00:00;6.53721093303071
04/12/2017;00:00:00;6.52261506849668
04/12/2017;01:00:00;6.52261666209541
04/12/2017;02:00:00;6.50323506648686
04/12/2017;03:00:00;6.47672066388584
04/12/2017;04:00:00;6.46406071559631
04/12/2017;05:00:00;6.50541343462996
04/12/2017;06:00:00;6.47794086230107
04/12/2017;07:00:00;6.52316469598651
04/12/2017;08:00:00;6.4977861398006
04/12/2017;09:00:00;6.50305451242863
04/12/2017;10:00:00;6.51217526777121
04/12/2017;11:00:00;6.48382280467645
04/12/2017;12:00:00;6.50102465167808
04/12/2017;13:00:00;6.52143920676637
04/12/2017;14:00:00;6.55682178120443
04/12/2017;15:00:00;6.45296280514641
04/12/2017;16:00:00;6.47236010873872
04/12/2017;17:00:00;6.52177690197504
04/12/2017;18:00:00;6.50475780772777
04/12/2017;19:00:00;6.50892386063395
04/12/2017;20:00:00;6.53085692864685
04/12/2017;21:00:00;6.52584595797626
04/12/2017;22:00:00;6.52749817710899
04/12/2017;23:00:00;6.53700021326775
04/13/2017;00:00:00;6.49273783842451
04/13/2017;01:00:00;6.51036189475308
04/13/2017;02:00:00;6.50559255104431
04/13/2017;03:00:00;6.49593303808361
04/13/2017;04:00:00;6.50602141594226
04/13/2017;05:00:00;6.46207018139948
04/13/2017;06:00:00;6.43051315055494
04/13/2017;07:00:00;6.42866601181095
04/13/2017;08:00:00;6.44171816537088
04/13/2017;09:00:00;6.47842377573426
04/13/2017;10:00:00;6.45889491947565
04/13/2017;11:00:00;6.4555773908249
04/13/2017;12:00:00;6.42136647918348
04/13/2017;13:00:00;6.38419379575964
04/13/2017;14:00:00;6.35157653709953
04/13/2017;15:00:00;6.33658180935477
04/13/2017;16:00:00;6.31193425116156
04/13/2017;17:00:00;6.35224534323746
04/13/2017;18:00:00;6.41181426074452
04/13/2017;19:00:00;6.43289897284954
04/13/2017;20:00:00;6.43498552786402
04/13/2017;21:00:00;6.48815276514117
04/13/2017;22:00:00;6.4859098774316
04/13/2017;23:00:00;6.50100076834624
04/14/2017;00:00:00;6.49630395374709
04/14/2017;01:00:00;6.47766060666426
04/14/2017;02:00:00;6.47528458255396
04/14/2017;03:00:00;6.44242382991804
04/14/2017;04:00:00;6.4371097107941
04/14/2017;05:00:00;6.44268369312022
04/14/2017;06:00:00;6.42116660952266
04/14/2017;07:00:00;6.3658136658801
04/14/2017;08:00:00;6.3649105960773
04/14/2017;09:00:00;6.34215695277179
04/14/2017;10:00:00;6.32786542398494
04/14/2017;11:00:00;6.39378271034318
04/14/2017;12:00:00;6.40147747543188
04/14/2017;13:00:00;6.38437758886922
04/14/2017;14:00:00;6.43507010199573
04/14/2017;15:00:00;6.41354890333517
04/14/2017;16:00:00;6.43271064119165
04/14/2017;17:00:00;6.46445232521872
04/14/2017;18:00:00;6.4611131456084
04/14/2017;19:00:00;6.48982638785432
04/14/2017;20:00:00;6.47377267496355
04/14/2017;21:00:00;6.49176132493015
04/14/2017;22:00:00;6.48710058771049
04/14/2017;23:00:00;6.46942133092405
04/15/2017;00:00:00;6.47664453136587
04/15/2017;01:00:00;6.48355585274782
04/15/2017;02:00:00;6.470106395487
04/15/2017;03:00:00;6.4879198112743
04/15/2017;04:00:00;6.46933020437479
04/15/2017;05:00:00;6.46449191481739
04/15/2017;06:00:00;6.53570109360548
04/15/2017;07:00:00;6.51988264384563
04/15/2017;08:00:00;6.45730340493689
04/15/2017;09:00:00;6.49711546806756
04/15/2017;10:00:00;6.50007619134532
04/15/2017;11:00:00;6.47832868319189
04/15/2017;12:00:00;6.44775342940701
04/15/2017;13:00:00;6.33530344832277
04/15/2017;14:00:00;6.33342236243578
04/15/2017;15:00:00;6.36021765785979
04/15/2017;16:00:00;6.39027880766651
04/15/2017;17:00:00;6.3725348930338
04/15/2017;18:00:00;6.30911541394293
04/15/2017;19:00:00;6.25579907168953
04/15/2017;20:00:00;6.30231116047022
04/15/2017;21:00:00;6.32694615441758
04/15/2017;22:00:00;6.34914281918583
04/15/2017;23:00:00;6.35017166512045
04/16/2017;00:00:00;6.32252034083781
04/16/2017;01:00:00;6.2822095350331
04/16/2017;02:00:00;6.24864704002861
04/16/2017;03:00:00;6.26010680234004
04/16/2017;04:00:00;6.24494198512071
04/16/2017;05:00:00;6.23858298838082
04/16/2017;06:00:00;6.23816208149274
04/16/2017;07:00:00;6.20659823495121
04/16/2017;08:00:00;6.20588405360889
04/16/2017;09:00:00;6.19330100449216
04/16/2017;10:00:00;6.26104651571643
04/16/2017;11:00:00;6.28511920357737
04/16/2017;12:00:00;6.27962763440652
04/16/2017;13:00:00;6.31490685189573
04/16/2017;14:00:00;6.30897235813923
04/16/2017;15:00:00;6.32582888038089
04/16/2017;16:00:00;6.33820961698518
04/16/2017;17:00:00;6.33949929506979
04/16/2017;18:00:00;6.33083737099088
04/16/2017;19:00:00;6.35487087986848
04/16/2017;20:00:00;6.39577532109149
04/16/2017;21:00:00;6.36110335034806
04/16/2017;22:00:00;6.33920914751458
04/16/2017;23:00:00;6.3051767442455
04/17/2017;00:00:00;6.29481495190226
04/17/2017;01:00:00;6.31302039183866
04/17/2017;02:00:00;6.34568835187219
04/17/2017;03:00:00;6.36123621567433
04/17/2017;04:00:00;6.33731449653937
04/17/2017;05:00:00;6.35536015869803
04/17/2017;06:00:00;6.37220151807096
04/17/2017;07:00:00;6.32453271603716
04/17/2017;08:00:00;6.30051011912208
04/17/2017;09:00:00;6.31084400654552
04/17/2017;10:00:00;6.33365992169184
04/17/2017;11:00:00;6.34949711880513
04/17/2017;12:00:00;6.36618550579911
04/17/2017;13:00:00;6.3897915788993
04/17/2017;14:00:00;6.35247332173617
04/17/2017;15:00:00;6.36071754828296
04/17/2017;16:00:00;6.37375554457353
04/17/2017;17:00:00;6.36701599246122
04/17/2017;18:00:00;6.35062390352344
04/17/2017;19:00:00;6.33277195779071
04/17/2017;20:00:00;6.33500780995864
04/17/2017;21:00:00;6.31836087979036
04/17/2017;22:00:00;6.31584131443812
04/17/2017;23:00:00;6.32392871358013
04/18/2017;00:00:00;6.36138119456382
04/18/2017;01:00:00;6.36283774469884
04/18/2017;02:00:00;6.41181148704376
04/18/2017;03:00:00;6.38033117299541
04/18/2017;04:00:00;6.33335236964343
04/18/2017;05:00:00;6.30525912827446
04/18/2017;06:00:00;6.2954384478119
04/18/2017;07:00:00;6.27266747002324
04/18/2017;08:00:00;6.27427936748981
04/18/2017;09:00:00;6.29087833842458
04/18/2017;10:00:00;6.28922680694914
04/18/2017;11:00:00;6.32959732486954
04/18/2017;12:00:00;6.33070569006781
04/18/2017;13:00:00;6.31376539188134
04/18/2017;14:00:00;6.31592453238298
04/18/2017;15:00:00;6.32003238376711
04/18/2017;16:00:00;6.33365813733561
04/18/2017;17:00:00;6.33931052914627
04/18/2017;18:00:00;6.32796027786406
04/18/2017;19:00:00;6.30793294874843
04/18/2017;20:00:00;6.32203033960221
04/18/2017;21:00:00;6.28887868620497
04/18/2017;22:00:00;6.29281685857244
04/18/2017;23:00:00;6.32110884371405
04/19/2017;00:00:00;6.341196380734
04/19/2017;01:00:00;6.35457165310452
04/19/2017;02:00:00;6.37100197059404
04/19/2017;03:00:00;6.35934000424399
04/19/2017;04:00:00;6.35528213244307
04/19/2017;05:00:00;6.34241397636145
04/19/2017;06:00:00;6.29596649052434
04/19/2017;07:00:00;6.28102987523239
04/19/2017;08:00:00;6.29834673900065
04/19/2017;09:00:00;6.34504591213129
04/19/2017;10:00:00;6.36925939804981
04/19/2017;11:00:00;6.39395711931459
04/19/2017;12:00:00;6.40327094452795
04/19/2017;13:00:00;6.38881352239628
04/19/2017;14:00:00;6.37345596249919
04/19/2017;15:00:00;6.36919220622658
04/19/2017;16:00:00;6.36054681619141
04/19/2017;17:00:00;6.37604148991064
04/19/2017;18:00:00;6.43430905346492
04/19/2017;19:00:00;6.36272147692068
04/19/2017;20:00:00;6.36244244068296
04/19/2017;21:00:00;6.34770481996472
04/19/2017;22:00:00;6.34281327952269
04/19/2017;23:00:00;6.01605457558489
04/20/2017;00:00:00;6.15809517312624
04/20/2017;01:00:00;6.69950736096966
04/20/2017;02:00:00;7.84307037472815
04/20/2017;03:00:00;7.15515187484663
04/20/2017;04:00:00;5.87363599853133
04/20/2017;05:00:00;8.66766482917072
04/20/2017;06:00:00;11.1946732352143
04/20/2017;07:00:00;13.7414039882645
04/20/2017;08:00:00;15.372114876549
04/20/2017;09:00:00;14.1849527441838
04/20/2017;10:00:00;13.9270286060422
04/20/2017;11:00:00;13.5312698232494
04/20/2017;12:00:00;13.2282486874356
04/20/2017;13:00:00;13.9088395691051
04/20/2017;14:00:00;14.0719422733748
04/20/2017;15:00:00;14.205592889052
04/20/2017;16:00:00;14.7935305459434
04/20/2017;17:00:00;13.7814367990639
04/20/2017;18:00:00;10.4843069713266
04/20/2017;19:00:00;8.76504069088575
04/20/2017;20:00:00;6.52568260077186
04/20/2017;21:00:00;6.86729949984814
04/20/2017;22:00:00;6.85451353012309
04/20/2017;23:00:00;6.45777146607126
04/21/2017;00:00:00;6.09964424051015
04/21/2017;01:00:00;6.4788915625976
04/21/2017;02:00:00;6.95808280925335
04/21/2017;03:00:00;6.78579890710157
04/21/2017;04:00:00;6.44414877578541
04/21/2017;05:00:00;6.37713811692828
04/21/2017;06:00:00;6.40134776058814
04/21/2017;07:00:00;6.12609845544612
04/21/2017;08:00:00;6.13489599143706
04/21/2017;09:00:00;6.0285226226234
04/21/2017;10:00:00;5.95012270200356
04/21/2017;11:00:00;6.35065073192183
04/21/2017;12:00:00;6.2540714670909
04/21/2017;13:00:00;6.25412451811909
04/21/2017;14:00:00;6.27773057397448
04/21/2017;15:00:00;6.3127439435681
04/21/2017;16:00:00;6.29660144423598
04/21/2017;17:00:00;6.31331916194991
04/21/2017;18:00:00;6.33983852517315
04/21/2017;19:00:00;6.39048838538753
04/21/2017;20:00:00;6.3661017852813
04/21/2017;21:00:00;6.33297931927786
04/21/2017;22:00:00;6.32927808185146
04/21/2017;23:00:00;6.32058831958491
04/22/2017;00:00:00;6.28039407686241
04/22/2017;01:00:00;6.26104658330923
04/22/2017;02:00:00;6.26659059549606
04/22/2017;03:00:00;6.19750261418752
04/22/2017;04:00:00;6.19530843450011
04/22/2017;05:00:00;6.2050547289782
04/22/2017;06:00:00;6.20800664695678
04/22/2017;07:00:00;6.20092723121046
04/22/2017;08:00:00;6.22045957938212
04/22/2017;09:00:00;6.27007663508161
04/22/2017;10:00:00;6.30012663771326
04/22/2017;11:00:00;6.30409085197377
04/22/2017;12:00:00;6.21020822261997
04/22/2017;13:00:00;6.22512280057733
04/22/2017;14:00:00;6.25088820849369
04/22/2017;15:00:00;6.09513717603886
04/22/2017;16:00:00;6.25024571882385
04/22/2017;17:00:00;6.28098935433564
04/22/2017;18:00:00;6.29422287677
04/22/2017;19:00:00;6.20804950439955
04/22/2017;20:00:00;6.19046465833303
04/22/2017;21:00:00;6.25128584265165
04/22/2017;22:00:00;6.22211342830789
04/22/2017;23:00:00;6.25099081647737
04/23/2017;00:00:00;6.31947456742602
04/23/2017;01:00:00;6.23514919987679
04/23/2017;02:00:00;6.22303985804367
04/23/2017;03:00:00;6.19836814614512
04/23/2017;04:00:00;6.17939307172035
04/23/2017;05:00:00;6.16737605419038
04/23/2017;06:00:00;6.16313650052119
04/23/2017;07:00:00;6.16590140499147
04/23/2017;08:00:00;6.21063621445466
04/23/2017;09:00:00;6.32209236006226
04/23/2017;10:00:00;6.34939409358621
04/23/2017;11:00:00;6.34188953669687
04/23/2017;12:00:00;6.23521564097292
04/23/2017;13:00:00;6.24360240686517
04/23/2017;14:00:00;6.32323365290635
04/23/2017;15:00:00;6.49329919257045
04/23/2017;16:00:00;6.22310254742907
04/23/2017;17:00:00;6.30323154822164
04/23/2017;18:00:00;6.25653935454333
04/23/2017;19:00:00;6.26310616201815
04/23/2017;20:00:00;6.26742608551971
04/23/2017;21:00:00;6.26694870595652
04/23/2017;22:00:00;6.25046588281773
04/23/2017;23:00:00;6.35684455231483
04/24/2017;00:00:00;6.35569692668243
04/24/2017;01:00:00;6.32367281250625
04/24/2017;02:00:00;6.31556030311712
04/24/2017;03:00:00;6.27357340090091
04/24/2017;04:00:00;6.25214827193183
04/24/2017;05:00:00;6.22158917788289
04/24/2017;06:00:00;6.36701605405119
04/24/2017;07:00:00;6.27526016499241
04/24/2017;08:00:00;6.45959107742473
04/24/2017;09:00:00;6.57474946823413
04/24/2017;10:00:00;6.57803982812558
04/24/2017;11:00:00;6.62058049337162
04/24/2017;12:00:00;6.58689745612597
04/24/2017;13:00:00;6.58486561081764
04/24/2017;14:00:00;6.68239615555645
04/24/2017;15:00:00;6.62398548572202
04/24/2017;16:00:00;6.64397323549994
04/24/2017;17:00:00;6.7796339992916
04/24/2017;18:00:00;6.84964334222552
04/24/2017;19:00:00;6.85936668960134
04/24/2017;20:00:00;6.82915047588191
04/24/2017;21:00:00;6.7456700204617
04/24/2017;22:00:00;6.66402879271994
04/24/2017;23:00:00;6.66654498323038
04/25/2017;00:00:00;6.70335443306141
04/25/2017;01:00:00;6.7940667901576
04/25/2017;02:00:00;6.84502921792853
04/25/2017;03:00:00;6.65519228293252
04/25/2017;04:00:00;6.64321965314145
04/25/2017;05:00:00;6.67039740363982
04/25/2017;06:00:00;6.61595423888358
04/25/2017;07:00:00;6.64766685472728
04/25/2017;08:00:00;6.7922555534502
04/25/2017;09:00:00;6.90581220525934
04/25/2017;10:00:00;6.9130293777272
04/25/2017;11:00:00;6.9490080266535
04/25/2017;12:00:00;6.88022171820109
04/25/2017;13:00:00;6.85375765506151
04/25/2017;14:00:00;6.87225284519153
04/25/2017;15:00:00;6.94933400112403
04/25/2017;16:00:00;6.77892618153201
04/25/2017;17:00:00;6.92277390200597
04/25/2017;18:00:00;7.92815060991259
04/25/2017;19:00:00;8.17565933678094
04/25/2017;20:00:00;8.26779974315336
04/25/2017;21:00:00;8.46498079931913
04/25/2017;22:00:00;8.4075830329751
04/25/2017;23:00:00;8.28582285560874
04/26/2017;00:00:00;7.69851316280946
04/26/2017;01:00:00;7.87354373060373
04/26/2017;02:00:00;8.45070964119185
04/26/2017;03:00:00;8.25945282994771
04/26/2017;04:00:00;8.25879113570653
04/26/2017;05:00:00;8.50147406586878
04/26/2017;06:00:00;8.38235327192911
04/26/2017;07:00:00;8.48778686602961
04/26/2017;08:00:00;8.04466496576349
04/26/2017;09:00:00;8.13814977005394
04/26/2017;10:00:00;7.72276364275684
04/26/2017;11:00:00;7.51851108355558
04/26/2017;12:00:00;7.61236384527164
04/26/2017;13:00:00;7.67579157491007
04/26/2017;14:00:00;7.70059304989857
04/26/2017;15:00:00;7.56178552673154
04/26/2017;16:00:00;7.57955846686482
04/26/2017;17:00:00;7.60996691928401
04/26/2017;18:00:00;7.67176863291429
04/26/2017;19:00:00;7.77487528893688
04/26/2017;20:00:00;7.76138845343321
04/26/2017;21:00:00;7.62350830265116
04/26/2017;22:00:00;7.5287167077829
04/26/2017;23:00:00;7.61401638782537
04/27/2017;00:00:00;7.80447512912135
04/27/2017;01:00:00;7.88094179694684
04/27/2017;02:00:00;7.92189297798921
04/27/2017;03:00:00;7.81972275359124
04/27/2017;04:00:00;7.6795125268678
04/27/2017;05:00:00;7.65821355607768
04/27/2017;06:00:00;7.66756200589104
04/27/2017;07:00:00;7.75549071396022
04/27/2017;08:00:00;7.77199662621369
04/27/2017;09:00:00;7.77801991151027
04/27/2017;10:00:00;7.94450511046972
04/27/2017;11:00:00;7.91457175161826
04/27/2017;12:00:00;7.82521944505251
04/27/2017;13:00:00;7.79289206664032
04/27/2017;14:00:00;7.87424212234887
04/27/2017;15:00:00;7.71768336472084
04/27/2017;16:00:00;7.77769742644752
04/27/2017;17:00:00;7.72340703226953
04/27/2017;18:00:00;7.75630837630801
04/27/2017;19:00:00;7.76346503749089
04/27/2017;20:00:00;7.76179025224069
04/27/2017;21:00:00;7.82092668337457
04/27/2017;22:00:00;7.85186270364529
04/27/2017;23:00:00;7.95584236945149
04/28/2017;00:00:00;7.95871164568869
04/28/2017;01:00:00;7.91106771058993
04/28/2017;02:00:00;7.86545714653259
04/28/2017;03:00:00;7.79673979798273
04/28/2017;04:00:00;7.71632865233436
04/28/2017;05:00:00;7.68405560797423
04/28/2017;06:00:00;7.66279435195841
04/28/2017;07:00:00;7.65069380253161
04/28/2017;08:00:00;7.6196373420648
04/28/2017;09:00:00;7.47138735534813
04/28/2017;10:00:00;7.35555561628117
04/28/2017;11:00:00;7.41043535768311
04/28/2017;12:00:00;7.50041470951092
04/28/2017;13:00:00;7.45973439916856
04/28/2017;14:00:00;7.51744619816847
04/28/2017;15:00:00;7.48092312251286
04/28/2017;16:00:00;7.47935876134962
04/28/2017;17:00:00;7.54171109354371
04/28/2017;18:00:00;7.70614640988064
04/28/2017;19:00:00;7.72898962649138
04/28/2017;20:00:00;7.64250157154159
04/28/2017;21:00:00;7.73652388291881
04/28/2017;22:00:00;7.73678663901102
04/28/2017;23:00:00;7.67547191602602
04/29/2017;00:00:00;7.68837713802251
04/29/2017;01:00:00;7.63396069329672
04/29/2017;02:00:00;7.59351766094037
04/29/2017;03:00:00;7.53289318444629
04/29/2017;04:00:00;7.49943968920077
04/29/2017;05:00:00;7.53801323517892
04/29/2017;06:00:00;7.51612890417238
04/29/2017;07:00:00;7.50061294997305
04/29/2017;08:00:00;7.50349044587464
04/29/2017;09:00:00;7.52732966301226
04/29/2017;10:00:00;7.56324340598209
04/29/2017;11:00:00;7.5516085981964
04/29/2017;12:00:00;7.58986994191909
04/29/2017;13:00:00;7.51946462046309
04/29/2017;14:00:00;7.5732623487559
04/29/2017;15:00:00;7.5596771383915
04/29/2017;16:00:00;7.57958624671845
04/29/2017;17:00:00;7.63821342636112
04/29/2017;18:00:00;7.6167949936736
04/29/2017;19:00:00;7.60068039948228
04/29/2017;20:00:00;7.60384555559249
04/29/2017;21:00:00;7.67533312000345
04/29/2017;22:00:00;7.72268201824668
04/29/2017;23:00:00;7.54858062512912
04/30/2017;00:00:00;7.57976247044363
04/30/2017;01:00:00;7.55115559844645
04/30/2017;02:00:00;7.55682964688851
04/30/2017;03:00:00;7.52120748895025
04/30/2017;04:00:00;7.49884251385522
04/30/2017;05:00:00;7.52524719002505
04/30/2017;06:00:00;7.62590908633736
04/30/2017;07:00:00;7.5974422190641
04/30/2017;08:00:00;7.5207288171618
04/30/2017;09:00:00;7.5358920291996
04/30/2017;10:00:00;7.526103653433
04/30/2017;11:00:00;7.4746308918656
04/30/2017;12:00:00;7.45593970734276
04/30/2017;13:00:00;7.54914955887512
04/30/2017;14:00:00;7.61730308974468
04/30/2017;15:00:00;7.71642170526178
04/30/2017;16:00:00;7.75147753354753
04/30/2017;17:00:00;7.71348268981415
04/30/2017;18:00:00;7.58611956651766
04/30/2017;19:00:00;7.55642353376662
04/30/2017;20:00:00;7.54021432540552
04/30/2017;21:00:00;7.55509164251222
04/30/2017;22:00:00;7.5763174103333
04/30/2017;23:00:00;7.57525566266032
05/01/2017;00:00:00;7.55920580482187
05/01/2017;01:00:00;7.60068705271918
05/01/2017;02:00:00;7.62392369543871
05/01/2017;03:00:00;7.53282176941566
05/01/2017;04:00:00;7.54254202583272
05/01/2017;05:00:00;7.58322522995381
05/01/2017;06:00:00;7.62252352045272
05/01/2017;07:00:00;7.62385698821547
05/01/2017;08:00:00;7.67268466814813
05/01/2017;09:00:00;7.6391967872264
05/01/2017;10:00:00;7.61332926100576
05/01/2017;11:00:00;7.51171169574989
05/01/2017;12:00:00;7.51887288181254
05/01/2017;13:00:00;7.47708036134949
05/01/2017;14:00:00;7.50056591464841
05/01/2017;15:00:00;7.47402126568362
05/01/2017;16:00:00;7.51047416539985
05/01/2017;17:00:00;7.46220097137181
05/01/2017;18:00:00;7.39423583009467
05/01/2017;19:00:00;7.32061842262548
05/01/2017;20:00:00;7.36700556264032
05/01/2017;21:00:00;7.33188276754274
05/01/2017;22:00:00;7.30136717731193
05/01/2017;23:00:00;7.2503164342073
05/02/2017;00:00:00;7.22691358225232
05/02/2017;01:00:00;7.19421779804691
05/02/2017;02:00:00;7.16382160896244
05/02/2017;03:00:00;7.13166712754788
05/02/2017;04:00:00;7.11410951151307
05/02/2017;05:00:00;7.07564779714536
05/02/2017;06:00:00;7.0774306390844
05/02/2017;07:00:00;7.02599973275508
05/02/2017;08:00:00;6.92751864617932
05/02/2017;09:00:00;6.99638271344844
05/02/2017;10:00:00;7.16763487368895
05/02/2017;11:00:00;7.09017117686964
05/02/2017;12:00:00;7.07831991171077
05/02/2017;13:00:00;7.11570156337426
05/02/2017;14:00:00;7.11865066182239
05/02/2017;15:00:00;7.11812412333259
05/02/2017;16:00:00;6.9858133793721
05/02/2017;17:00:00;6.94782798843606
05/02/2017;18:00:00;6.92451823938263
05/02/2017;19:00:00;6.90532727100096
05/02/2017;20:00:00;6.881863760857
05/02/2017;21:00:00;6.88712825731954
05/02/2017;22:00:00;6.90005881132935
05/02/2017;23:00:00;6.88568219070215
05/03/2017;00:00:00;6.89320568996849
05/03/2017;01:00:00;6.88336474890122
05/03/2017;02:00:00;6.91938930877193
05/03/2017;03:00:00;6.92168971954499
05/03/2017;04:00:00;6.92712091637066
05/03/2017;05:00:00;6.81665390145143
05/03/2017;06:00:00;6.84856451334976
05/03/2017;07:00:00;6.92258256581116
05/03/2017;08:00:00;6.90421541041033
05/03/2017;09:00:00;6.87113420737014
05/03/2017;10:00:00;6.89302897181548
05/03/2017;11:00:00;6.97693691828838
05/03/2017;12:00:00;6.98464878146195
05/03/2017;13:00:00;7.0037019107771
05/03/2017;14:00:00;7.01112219344242
05/03/2017;15:00:00;6.96291730944046
05/03/2017;16:00:00;6.96201682517248
05/03/2017;17:00:00;7.00293545944844
05/03/2017;18:00:00;7.00797104362429
05/03/2017;19:00:00;7.0126206640028
05/03/2017;20:00:00;7.02917970005893
05/03/2017;21:00:00;7.0351607067764
05/03/2017;22:00:00;7.02934263914184
05/03/2017;23:00:00;7.04832539188361
05/04/2017;00:00:00;7.04558146030572
05/04/2017;01:00:00;7.05681502384392
05/04/2017;02:00:00;7.05690072095861
05/04/2017;03:00:00;7.02086011988357
05/04/2017;04:00:00;7.00060380499989
05/04/2017;05:00:00;6.96764665702699
05/04/2017;06:00:00;6.95586118211137
05/04/2017;07:00:00;6.96694548339249
05/04/2017;08:00:00;6.99346202231256
05/04/2017;09:00:00;7.00300924982259
05/04/2017;10:00:00;7.03969335083643
05/04/2017;11:00:00;7.09423200647692
05/04/2017;12:00:00;7.08712574924011
05/04/2017;13:00:00;7.07213637197566
05/04/2017;14:00:00;7.07441227599739
05/04/2017;15:00:00;7.09304590464062
05/04/2017;16:00:00;7.13542776122519
05/04/2017;17:00:00;7.13861775932178
05/04/2017;18:00:00;7.14272365320791
05/04/2017;19:00:00;7.11066299679731
05/04/2017;20:00:00;7.06277642574921
05/04/2017;21:00:00;7.06659937370524
05/04/2017;22:00:00;7.07697113716668
05/04/2017;23:00:00;7.08106426079398
05/05/2017;00:00:00;7.09431523820669
05/05/2017;01:00:00;7.11062479372929
05/05/2017;02:00:00;7.09674110526028
05/05/2017;03:00:00;7.10729411008949
05/05/2017;04:00:00;7.1197511758447
05/05/2017;05:00:00;7.1629726941488
05/05/2017;06:00:00;7.17276415774937
05/05/2017;07:00:00;7.18930501678023
05/05/2017;08:00:00;7.22555901463915
05/05/2017;09:00:00;7.24833908746427
05/05/2017;10:00:00;7.22834761377779
05/05/2017;11:00:00;7.2435848722971
05/05/2017;12:00:00;7.26091048367682
05/05/2017;13:00:00;7.27732836848507
05/05/2017;14:00:00;7.29750014885585
05/05/2017;15:00:00;7.2815005393682
05/05/2017;16:00:00;7.29522500022627
05/05/2017;17:00:00;7.32677075219092
05/05/2017;18:00:00;7.34630940256286
05/05/2017;19:00:00;7.34807132480467
05/05/2017;20:00:00;7.31689465783919
05/05/2017;21:00:00;7.31606689854161
05/05/2017;22:00:00;7.2503451959108
05/05/2017;23:00:00;7.17961824233165
05/06/2017;00:00:00;7.13295457299526
05/06/2017;01:00:00;7.07605505972766
05/06/2017;02:00:00;7.08627426498431
05/06/2017;03:00:00;7.07685552137466
05/06/2017;04:00:00;7.35290431954106
05/06/2017;05:00:00;7.29366872826789
05/06/2017;06:00:00;7.30392455763908
05/06/2017;07:00:00;7.29636419822404
05/06/2017;08:00:00;7.32339368721321
05/06/2017;09:00:00;7.34227147936348
05/06/2017;10:00:00;7.41039011017385
05/06/2017;11:00:00;7.45655743666499
05/06/2017;12:00:00;7.50641215329787
05/06/2017;13:00:00;7.45144435662115
05/06/2017;14:00:00;7.41852175954695
05/06/2017;15:00:00;7.6955256435027
05/06/2017;16:00:00;7.57116264207274
05/06/2017;17:00:00;7.60237927444593
05/06/2017;18:00:00;7.58237367768938
05/06/2017;19:00:00;7.61174590972746
05/06/2017;20:00:00;7.56998018349224
05/06/2017;21:00:00;7.55129233192527
05/06/2017;22:00:00;7.53477577014344
05/06/2017;23:00:00;7.50629048197565
05/07/2017;00:00:00;7.47372326395446
05/07/2017;01:00:00;7.44301411906933
05/07/2017;02:00:00;7.40111070815694
05/07/2017;03:00:00;7.40933258769008
05/07/2017;04:00:00;7.35644489743937
05/07/2017;05:00:00;7.35489478878674
05/07/2017;06:00:00;7.33045649291038
05/07/2017;07:00:00;7.27107664998992
05/07/2017;08:00:00;7.17762085024203
05/07/2017;09:00:00;7.17193477601594
05/07/2017;10:00:00;7.13174850332562
05/07/2017;11:00:00;7.11599751233879
05/07/2017;12:00:00;7.1085941728505
05/07/2017;13:00:00;7.1088623797945
05/07/2017;14:00:00;7.11917096077592
05/07/2017;15:00:00;7.12053850714569
05/07/2017;16:00:00;7.09750178873743
05/07/2017;17:00:00;7.07826256421037
05/07/2017;18:00:00;7.04199364756187
05/07/2017;19:00:00;7.02331242006928
05/07/2017;20:00:00;7.13054024356601
05/07/2017;21:00:00;7.21883386243935
05/07/2017;22:00:00;7.13226477229476
05/07/2017;23:00:00;7.07637971589043
05/08/2017;00:00:00;7.18271126556233
05/08/2017;01:00:00;7.2571064368291
05/08/2017;02:00:00;7.2426281814878
05/08/2017;03:00:00;7.25592244055609
05/08/2017;04:00:00;7.23619595006763
05/08/2017;05:00:00;7.21821474291338
05/08/2017;06:00:00;7.13498481860397
05/08/2017;07:00:00;7.13201604405497
05/08/2017;08:00:00;7.11992673990066
05/08/2017;09:00:00;7.10314815517445
05/08/2017;10:00:00;7.15393938881281
05/08/2017;11:00:00;7.17819575757278
05/08/2017;12:00:00;7.1926478871685
05/08/2017;13:00:00;7.03837123950527
05/08/2017;14:00:00;7.13696871543222
05/08/2017;15:00:00;7.13415436427464
05/08/2017;16:00:00;7.17781302044077
05/08/2017;17:00:00;6.99635063233082
05/08/2017;18:00:00;7.02573225698505
05/08/2017;19:00:00;7.05595613970394
05/08/2017;20:00:00;7.04580311431339
05/08/2017;21:00:00;7.10673208865654
05/08/2017;22:00:00;7.14866599112548
05/08/2017;23:00:00;7.16659567197872
05/09/2017;00:00:00;7.17483820366194
05/09/2017;01:00:00;7.06421498208999
05/09/2017;02:00:00;7.0224165327535
05/09/2017;03:00:00;7.06124443131712
05/09/2017;04:00:00;7.06918073726114
05/09/2017;05:00:00;7.05419215598118
05/09/2017;06:00:00;7.03318299760584
05/09/2017;07:00:00;7.00724839224678
05/09/2017;08:00:00;7.17769790657965
05/09/2017;09:00:00;7.0385440658093
05/09/2017;10:00:00;7.18275824991167
05/09/2017;11:00:00;7.15681034149858
05/09/2017;12:00:00;7.12466529437896
05/09/2017;13:00:00;7.05444728242969
05/09/2017;14:00:00;7.1119698718102
05/09/2017;15:00:00;7.0934632825412
05/09/2017;16:00:00;7.01559961518568
05/09/2017;17:00:00;7.11449604948959
05/09/2017;18:00:00;7.18570560783305
05/09/2017;19:00:00;7.06990795317322
05/09/2017;20:00:00;7.09051983352454
05/09/2017;21:00:00;7.16282436316111
05/09/2017;22:00:00;7.10038653031531
05/09/2017;23:00:00;7.15084327564361
05/10/2017;00:00:00;7.3305975345403
05/10/2017;01:00:00;7.51486439898205
05/10/2017;02:00:00;7.61449971971742
05/10/2017;03:00:00;7.43160892849202
05/10/2017;04:00:00;7.46150293683859
05/10/2017;05:00:00;7.34512607446764
05/10/2017;06:00:00;7.33225084674132
05/10/2017;07:00:00;7.36822317451783
05/10/2017;08:00:00;7.392605779385
05/10/2017;09:00:00;7.46057296644398
05/10/2017;10:00:00;7.53808741551918
05/10/2017;11:00:00;7.43161760394848
05/10/2017;12:00:00;7.42814944418649
05/10/2017;13:00:00;7.30366779148091
05/10/2017;14:00:00;7.34808419775655
05/10/2017;15:00:00;7.34033025895066
05/10/2017;16:00:00;7.36304121048779
05/10/2017;17:00:00;7.29833795982895
05/10/2017;18:00:00;7.32528259633709
05/10/2017;19:00:00;7.28549787460545
05/10/2017;20:00:00;7.27334467609028
05/10/2017;21:00:00;7.26036360313463
05/10/2017;22:00:00;7.28955814603268
05/10/2017;23:00:00;7.34933127699441
05/11/2017;00:00:00;7.36044991579137
05/11/2017;01:00:00;7.3771564731401
05/11/2017;02:00:00;7.47816443100467
05/11/2017;03:00:00;7.35130335539519
05/11/2017;04:00:00;7.70373171546362
05/11/2017;05:00:00;7.63516058945923
05/11/2017;06:00:00;7.64621547346478
05/11/2017;07:00:00;7.70920409880488
05/11/2017;08:00:00;7.73179384308553
05/11/2017;09:00:00;7.80378993824881
05/11/2017;10:00:00;7.73784949656186
05/11/2017;11:00:00;7.6839262641233
05/11/2017;12:00:00;7.54547548726393
05/11/2017;13:00:00;7.50946705536479
05/11/2017;14:00:00;7.70137480665381
05/11/2017;15:00:00;7.78526592859649
05/11/2017;16:00:00;7.75435601545849
05/11/2017;17:00:00;8.0557489810014
05/11/2017;18:00:00;8.08828200566544
05/11/2017;19:00:00;8.08129195256558
05/11/2017;20:00:00;8.06248771424843
05/11/2017;21:00:00;8.12490117296854
05/11/2017;22:00:00;8.11956802297678
05/11/2017;23:00:00;8.09408286816047
05/12/2017;00:00:00;8.07731909658466
05/12/2017;01:00:00;8.18153191751211
05/12/2017;02:00:00;8.17810184172301
05/12/2017;03:00:00;8.27833811910382
05/12/2017;04:00:00;8.00454277982318
05/12/2017;05:00:00;8.0056913245369
05/12/2017;06:00:00;7.92421612221754
05/12/2017;07:00:00;7.91249190162506
05/12/2017;08:00:00;7.94089188220313
05/12/2017;09:00:00;7.97061106287811
05/12/2017;10:00:00;7.93902757587205
05/12/2017;11:00:00;7.88651582604486
05/12/2017;12:00:00;7.76377534665234
05/12/2017;13:00:00;7.98759552150519
05/12/2017;14:00:00;7.97652874106279
05/12/2017;15:00:00;8.15026707660961
05/12/2017;16:00:00;8.32117028462691
05/12/2017;17:00:00;8.29695119081294
05/12/2017;18:00:00;8.24467080317746
05/12/2017;19:00:00;8.33368404436302
05/12/2017;20:00:00;8.30694253374811
05/12/2017;21:00:00;8.21289217085737
05/12/2017;22:00:00;8.28844509032169
05/12/2017;23:00:00;8.25598983540395
05/13/2017;00:00:00;8.13608729471384
05/13/2017;01:00:00;8.24085892539698
05/13/2017;02:00:00;8.121751987167
05/13/2017;03:00:00;8.09318227684354
05/13/2017;04:00:00;8.22097665148484
05/13/2017;05:00:00;8.16334074847711
05/13/2017;06:00:00;8.1377110553851
05/13/2017;07:00:00;8.10222151709436
05/13/2017;08:00:00;8.20195492342438
05/13/2017;09:00:00;8.12667513985023
05/13/2017;10:00:00;8.1832190531347
05/13/2017;11:00:00;8.31465154497372
05/13/2017;12:00:00;8.28816863643486
05/13/2017;13:00:00;8.48897313965942
05/13/2017;14:00:00;8.46856932071043
05/13/2017;15:00:00;8.27070117205681
05/13/2017;16:00:00;8.61387103571269
05/13/2017;17:00:00;8.71259076683862
05/13/2017;18:00:00;8.81598204782298
05/13/2017;19:00:00;8.69431445526233
05/13/2017;20:00:00;8.79559567531007
05/13/2017;21:00:00;8.85634465938919
05/13/2017;22:00:00;8.79023469862883
05/13/2017;23:00:00;8.85005159060723
05/14/2017;00:00:00;8.86534079642089
05/14/2017;01:00:00;8.75663161779702
05/14/2017;02:00:00;8.75366160227589
05/14/2017;03:00:00;8.76110867590975
05/14/2017;04:00:00;8.69895060793698
05/14/2017;05:00:00;8.66427181998146
05/14/2017;06:00:00;8.72399366691964
05/14/2017;07:00:00;8.79546939122132
05/14/2017;08:00:00;8.9321845922726
05/14/2017;09:00:00;8.96928060643914
05/14/2017;10:00:00;8.92948828249949
05/14/2017;11:00:00;8.86318529078109
05/14/2017;12:00:00;8.83628660852386
05/14/2017;13:00:00;8.89871894561589
05/14/2017;14:00:00;8.90061718205642
05/14/2017;15:00:00;8.85114560067044
05/14/2017;16:00:00;8.86303064468319
05/14/2017;17:00:00;8.832979072457
05/14/2017;18:00:00;8.8108264969033
05/14/2017;19:00:00;8.72413223896995
05/14/2017;20:00:00;8.75921947812223
05/14/2017;21:00:00;8.77643973630613
05/14/2017;22:00:00;8.72727678174862
05/14/2017;23:00:00;8.80788363594742
05/15/2017;00:00:00;8.76049167690162
05/15/2017;01:00:00;8.72881616416177
05/15/2017;02:00:00;8.72885813079764
05/15/2017;03:00:00;8.66133550541479
05/15/2017;04:00:00;8.65172611252416
05/15/2017;05:00:00;8.64892735168272
05/15/2017;06:00:00;8.68391667414757
05/15/2017;07:00:00;8.74165978980493
05/15/2017;08:00:00;8.76382360217662
05/15/2017;09:00:00;8.77760698773481
05/15/2017;10:00:00;8.78662663577144
05/15/2017;11:00:00;8.79966880862917
05/15/2017;12:00:00;8.79782356352484
05/15/2017;13:00:00;8.78549575961934
05/15/2017;14:00:00;8.83031276838701
05/15/2017;15:00:00;8.79559237039669
05/15/2017;16:00:00;8.72376941582208
05/15/2017;17:00:00;8.65937985740193
05/15/2017;18:00:00;8.68126031783212
05/15/2017;19:00:00;8.62082553613486
05/15/2017;20:00:00;8.50988813957491
05/15/2017;21:00:00;8.48378331173717
05/15/2017;22:00:00;8.50605314731967
05/15/2017;23:00:00;8.46319563461932
05/16/2017;00:00:00;8.46448906531433
05/16/2017;01:00:00;8.47130369011332
05/16/2017;02:00:00;8.44070357067042
05/16/2017;03:00:00;8.3726714878962
05/16/2017;04:00:00;8.40958058277083
05/16/2017;05:00:00;8.47044211232741
05/16/2017;06:00:00;8.51277639223548
05/16/2017;07:00:00;8.5335034237824
05/16/2017;08:00:00;8.49984306731929
05/16/2017;09:00:00;8.52761515965746
05/16/2017;10:00:00;8.58057762417426
05/16/2017;11:00:00;8.58227422687443
05/16/2017;12:00:00;8.594139948406
05/16/2017;13:00:00;8.58813373439382
05/16/2017;14:00:00;8.57789214302088
05/16/2017;15:00:00;8.59273469314324
05/16/2017;16:00:00;8.55634935688243
05/16/2017;17:00:00;8.55865379942906
05/16/2017;18:00:00;8.53276408479276
05/16/2017;19:00:00;8.50441260863311
05/16/2017;20:00:00;8.53004662666959
05/16/2017;21:00:00;8.45579269365728
05/16/2017;22:00:00;8.42358061889263
05/16/2017;23:00:00;8.42330413701827
05/17/2017;00:00:00;8.37351278736152
05/17/2017;01:00:00;8.38822830249378
05/17/2017;02:00:00;8.36652642730451
05/17/2017;03:00:00;8.31667062977925
05/17/2017;04:00:00;8.30679350151887
05/17/2017;05:00:00;8.3361996336342
05/17/2017;06:00:00;8.28794390354298
05/17/2017;07:00:00;8.2815378949018
05/17/2017;08:00:00;8.35919249418862
05/17/2017;09:00:00;8.33502517421101
05/17/2017;10:00:00;8.43480509130781
05/17/2017;11:00:00;8.39417633958656
05/17/2017;12:00:00;8.41519910589735
05/17/2017;13:00:00;8.43344972647221
05/17/2017;14:00:00;8.36936565400792
05/17/2017;15:00:00;8.46180248276777
05/17/2017;16:00:00;8.45381582523895
05/17/2017;17:00:00;8.40079942350815
05/17/2017;18:00:00;8.3743368176865
05/17/2017;19:00:00;8.39198578848945
05/17/2017;20:00:00;8.39673561888525
05/17/2017;21:00:00;8.39461270714527
05/17/2017;22:00:00;8.32808949809907
05/17/2017;23:00:00;8.29088153423568
05/18/2017;00:00:00;8.25989048996271
05/18/2017;01:00:00;8.25704755768949
05/18/2017;02:00:00;8.24558996693436
05/18/2017;03:00:00;8.20681693351237
05/18/2017;04:00:00;8.19955343441217
05/18/2017;05:00:00;8.19815587641834
05/18/2017;06:00:00;8.22367777950675
05/18/2017;07:00:00;8.3000446984048
05/18/2017;08:00:00;8.37010553210188
05/18/2017;09:00:00;8.36653212114894
05/18/2017;10:00:00;8.38658055238814
05/18/2017;11:00:00;8.40439650705522
05/18/2017;12:00:00;8.46754711608612
05/18/2017;13:00:00;8.47121379052949
05/18/2017;14:00:00;8.44644703680424
05/18/2017;15:00:00;8.44369226247704
05/18/2017;16:00:00;8.48341500607295
05/18/2017;17:00:00;8.47193364636207
05/18/2017;18:00:00;8.4487830237277
05/18/2017;19:00:00;8.54080889308803
05/18/2017;20:00:00;8.45261835318838
05/18/2017;21:00:00;8.50304494822255
05/18/2017;22:00:00;8.45227808440388
05/18/2017;23:00:00;8.45092183491389
05/19/2017;00:00:00;8.38774883894839
05/19/2017;01:00:00;8.39657184342851
05/19/2017;02:00:00;8.21769159790306
05/19/2017;03:00:00;8.17696421409756
05/19/2017;04:00:00;8.29448542719528
05/19/2017;05:00:00;8.29645932755745
05/19/2017;06:00:00;8.33843811040284
05/19/2017;07:00:00;8.46447693114499
05/19/2017;08:00:00;8.63141805059213
05/19/2017;09:00:00;8.59501103847352
05/19/2017;10:00:00;8.55825400311756
05/19/2017;11:00:00;8.52585343961611
05/19/2017;12:00:00;8.58270958772
05/19/2017;13:00:00;8.60210088905733
05/19/2017;14:00:00;8.62724027879015
05/19/2017;15:00:00;8.66148128389033
05/19/2017;16:00:00;8.72718449975723
05/19/2017;17:00:00;8.7253417082527
05/19/2017;18:00:00;8.71504258269653
05/19/2017;19:00:00;8.65865276477165
05/19/2017;20:00:00;8.57764243377155
05/19/2017;21:00:00;8.51200341410904
05/19/2017;22:00:00;8.51114969439403
05/19/2017;23:00:00;8.50405185758718
05/20/2017;00:00:00;8.47993529471267
05/20/2017;01:00:00;8.45336649053164
05/20/2017;02:00:00;8.4271892375972
05/20/2017;03:00:00;8.44031416116114
05/20/2017;04:00:00;8.48361138112693
05/20/2017;05:00:00;8.53313879065118
05/20/2017;06:00:00;8.54263644318058
05/20/2017;07:00:00;8.62139744756936
05/20/2017;08:00:00;8.69815642624513
05/20/2017;09:00:00;8.78170773016495
05/20/2017;10:00:00;8.85251301882037
05/20/2017;11:00:00;8.83830058181587
05/20/2017;12:00:00;8.87955099838309
05/20/2017;13:00:00;8.8621291657512
05/20/2017;14:00:00;8.84809487763193
05/20/2017;15:00:00;8.90093261782726
05/20/2017;16:00:00;8.88085089040224
05/20/2017;17:00:00;8.9258296696759
05/20/2017;18:00:00;8.83205018463596
05/20/2017;19:00:00;8.65732516088999
05/20/2017;20:00:00;8.53758311907842
05/20/2017;21:00:00;8.51746630455221
05/20/2017;22:00:00;8.45550279686611
05/20/2017;23:00:00;8.11319803610497
05/21/2017;00:00:00;7.86841137409176
05/21/2017;01:00:00;7.74917779790401
05/21/2017;02:00:00;7.74997032063547
05/21/2017;03:00:00;7.70774682157236
05/21/2017;04:00:00;7.65171183837918
05/21/2017;05:00:00;7.62748418750754
05/21/2017;06:00:00;7.63705905647656
05/21/2017;07:00:00;7.68217634184937
05/21/2017;08:00:00;7.72841301741962
05/21/2017;09:00:00;7.7373173531347
05/21/2017;10:00:00;7.73847679280263
05/21/2017;11:00:00;7.77581124926723
05/21/2017;12:00:00;7.77830331376197
05/21/2017;13:00:00;7.75656837336345
05/21/2017;14:00:00;7.75090703697867
05/21/2017;15:00:00;7.74719481179406
05/21/2017;16:00:00;7.78431748178438
05/21/2017;17:00:00;7.81310785023178
05/21/2017;18:00:00;7.83300870777616
05/21/2017;19:00:00;7.82388396094118
05/21/2017;20:00:00;7.79183860676506
05/21/2017;21:00:00;7.74520261246735
05/21/2017;22:00:00;7.69307746010225
05/21/2017;23:00:00;7.66756475971685
05/22/2017;00:00:00;7.68195003673942
05/22/2017;01:00:00;7.66148930648484
05/22/2017;02:00:00;7.63798176786893
05/22/2017;03:00:00;7.63507888468891
05/22/2017;04:00:00;7.62292903822823
05/22/2017;05:00:00;7.64568519858243
05/22/2017;06:00:00;7.6622321147297
05/22/2017;07:00:00;7.70052879746197
05/22/2017;08:00:00;7.73127974958179
05/22/2017;09:00:00;7.77031456590085
05/22/2017;10:00:00;7.82284552458309
05/22/2017;11:00:00;7.89552586816463
05/22/2017;12:00:00;7.94439549820151
05/22/2017;13:00:00;7.96696865401003
05/22/2017;14:00:00;7.93604533566357
05/22/2017;15:00:00;7.96524416472696
05/22/2017;16:00:00;7.87592080695821
05/22/2017;17:00:00;7.77176487992935
05/22/2017;18:00:00;7.79115421508918
05/22/2017;19:00:00;7.83485586355864
05/22/2017;20:00:00;7.81404123611189
05/22/2017;21:00:00;7.73619509983889
05/22/2017;22:00:00;7.66364417242819
05/22/2017;23:00:00;7.73788348620688
05/23/2017;00:00:00;7.68367232995636
05/23/2017;01:00:00;7.76513694046344
05/23/2017;02:00:00;7.69329394887742
05/23/2017;03:00:00;7.67381033194993
05/23/2017;04:00:00;7.67714219900292
05/23/2017;05:00:00;7.6856640148231
05/23/2017;06:00:00;7.7051452419054
05/23/2017;07:00:00;7.71305751085114
05/23/2017;08:00:00;7.75929503410153
05/23/2017;09:00:00;7.7529811103932
05/23/2017;10:00:00;7.69260976212753
05/23/2017;11:00:00;7.68899943708703
05/23/2017;12:00:00;7.72077177083768
05/23/2017;13:00:00;7.75706923165834
05/23/2017;14:00:00;7.75461470126712
05/23/2017;15:00:00;7.83999771779542
05/23/2017;16:00:00;7.82321753563178
05/23/2017;17:00:00;7.84169644905366
05/23/2017;18:00:00;7.86704354061297
05/23/2017;19:00:00;7.80073619461414
05/23/2017;20:00:00;7.79950215818536
05/23/2017;21:00:00;7.81519614378358
05/23/2017;22:00:00;7.69857143148844
05/23/2017;23:00:00;7.75159820358859
05/24/2017;00:00:00;7.72145826761272
05/24/2017;01:00:00;7.72118556626478
05/24/2017;02:00:00;7.67897955184293
05/24/2017;03:00:00;7.65067104878263
05/24/2017;04:00:00;7.6490069018266
05/24/2017;05:00:00;7.64286436196274
05/24/2017;06:00:00;7.63100588607264
05/24/2017;07:00:00;7.60498309944141
05/24/2017;08:00:00;7.65370499986027
05/24/2017;09:00:00;7.71151218832671
05/24/2017;10:00:00;7.7288197047144
05/24/2017;11:00:00;7.62444556382899
05/24/2017;12:00:00;7.59632669346107
05/24/2017;13:00:00;7.63334305956271
05/24/2017;14:00:00;7.61324652763777
05/24/2017;15:00:00;7.61766026705521
05/24/2017;16:00:00;7.6458698733472
05/24/2017;17:00:00;7.69489107730082
05/24/2017;18:00:00;7.68817123607029
05/24/2017;19:00:00;7.68968691370155
05/24/2017;20:00:00;7.67237801411972
05/24/2017;21:00:00;7.66612964370328
05/24/2017;22:00:00;7.67220206396378
05/24/2017;23:00:00;7.6671022474863
05/25/2017;00:00:00;7.63120047834329
05/25/2017;01:00:00;7.6013088681561
05/25/2017;02:00:00;7.53241931980491
05/25/2017;03:00:00;7.46427085416892
05/25/2017;04:00:00;7.46414140853165
05/25/2017;05:00:00;7.44833951137923
05/25/2017;06:00:00;7.5201471045571
05/25/2017;07:00:00;7.44768041124936
05/25/2017;08:00:00;7.4886591709412
05/25/2017;09:00:00;7.55169886633149
05/25/2017;10:00:00;7.61910861093496
05/25/2017;11:00:00;7.67951985237697
05/25/2017;12:00:00;7.73068678517623
05/25/2017;13:00:00;7.82800057816836
05/25/2017;14:00:00;7.68720937465016
05/25/2017;15:00:00;7.49221637153029
05/25/2017;16:00:00;7.4746634513195
05/25/2017;17:00:00;7.53705387669928
05/25/2017;18:00:00;7.53679496276677
05/25/2017;19:00:00;7.56368029593534
05/25/2017;20:00:00;7.6065658022742
05/25/2017;21:00:00;7.5549072210938
05/25/2017;22:00:00;7.52013716213877
05/25/2017;23:00:00;7.4786973182861
05/26/2017;00:00:00;7.44016439792318
05/26/2017;01:00:00;7.41256918627124
05/26/2017;02:00:00;7.38698561795177
05/26/2017;03:00:00;7.40291264663028
05/26/2017;04:00:00;7.42321688470637
05/26/2017;05:00:00;7.40752869211557
05/26/2017;06:00:00;7.37275438407636
05/26/2017;07:00:00;7.40518961474405
05/26/2017;08:00:00;7.50794341880931
05/26/2017;09:00:00;7.54419925922963
05/26/2017;10:00:00;7.56437639972626
05/26/2017;11:00:00;7.64395651175404
05/26/2017;12:00:00;7.87630152738205
05/26/2017;13:00:00;8.0253280802747
05/26/2017;14:00:00;8.1680710642951
05/26/2017;15:00:00;8.20157811188909
05/26/2017;16:00:00;8.17382505957156
05/26/2017;17:00:00;8.15894069357867
05/26/2017;18:00:00;8.16968140660356
05/26/2017;19:00:00;8.142637829834
05/26/2017;20:00:00;8.11133337059761
05/26/2017;21:00:00;8.12130660117695
05/26/2017;22:00:00;8.23838797566478
05/26/2017;23:00:00;8.06378619601242
05/27/2017;00:00:00;8.07497512405184
05/27/2017;01:00:00;8.04925559955917
05/27/2017;02:00:00;7.96528657437652
05/27/2017;03:00:00;7.98205235432821
05/27/2017;04:00:00;7.90106130342433
05/27/2017;05:00:00;7.93966491697109
05/27/2017;06:00:00;7.93453090634651
05/27/2017;07:00:00;7.98075002381498
05/27/2017;08:00:00;8.03419111657756
05/27/2017;09:00:00;8.08890355871367
05/27/2017;10:00:00;8.10932810406919
05/27/2017;11:00:00;8.14642182977417
05/27/2017;12:00:00;8.11148986332053
05/27/2017;13:00:00;8.2490513898415
05/27/2017;14:00:00;8.35487856634625
05/27/2017;15:00:00;8.31813740891651
05/27/2017;16:00:00;8.16398433061659
05/27/2017;17:00:00;8.19233774445208
05/27/2017;18:00:00;8.21527503087808
05/27/2017;19:00:00;8.22027999652228
05/27/2017;20:00:00;8.20016592316406
05/27/2017;21:00:00;8.1828106339735
05/27/2017;22:00:00;8.23108599392791
05/27/2017;23:00:00;8.25764553772112
05/28/2017;00:00:00;8.22943293842157
05/28/2017;01:00:00;8.2089761549097
05/28/2017;02:00:00;8.16010779980704
05/28/2017;03:00:00;8.12611780722621
05/28/2017;04:00:00;8.14863898971611
05/28/2017;05:00:00;8.18856130384959
05/28/2017;06:00:00;8.1891443736865
05/28/2017;07:00:00;8.16490877287944
05/28/2017;08:00:00;8.20138043930454
05/28/2017;09:00:00;8.24732936708946
05/28/2017;10:00:00;8.25164726839407
05/28/2017;11:00:00;8.20723068087563
05/28/2017;12:00:00;8.30575442535584
05/28/2017;13:00:00;8.29260073847043
05/28/2017;14:00:00;8.3591068490427
05/28/2017;15:00:00;8.36467218529741
05/28/2017;16:00:00;8.36517590493881
05/28/2017;17:00:00;8.35868970931856
05/28/2017;18:00:00;8.34727071880346
05/28/2017;19:00:00;8.34531648154791
05/28/2017;20:00:00;8.3082239597687
05/28/2017;21:00:00;8.32475193106611
05/28/2017;22:00:00;8.29697543301658
05/28/2017;23:00:00;8.23410144446297
05/29/2017;00:00:00;8.19894469410306
05/29/2017;01:00:00;8.20763787079771
05/29/2017;02:00:00;8.18757296529556
05/29/2017;03:00:00;8.18197666886415
05/29/2017;04:00:00;8.14905054020677
05/29/2017;05:00:00;8.14192502601444
05/29/2017;06:00:00;8.1262976686228
05/29/2017;07:00:00;8.16849864215236
05/29/2017;08:00:00;8.2320351130485
05/29/2017;09:00:00;8.30576157913206
05/29/2017;10:00:00;8.32988365632422
05/29/2017;11:00:00;8.40706290187375
05/29/2017;12:00:00;8.45720340928522
05/29/2017;13:00:00;8.46335809898731
05/29/2017;14:00:00;8.50062725348592
05/29/2017;15:00:00;8.40132225719509
05/29/2017;16:00:00;8.46814850436201
05/29/2017;17:00:00;8.43703280929942
05/29/2017;18:00:00;8.48530277131635
05/29/2017;19:00:00;8.48414354874199
05/29/2017;20:00:00;8.4004965610348
05/29/2017;21:00:00;8.42672830893805
05/29/2017;22:00:00;8.33390547413231
05/29/2017;23:00:00;8.29227451455428
05/30/2017;00:00:00;8.24250980906958
05/30/2017;01:00:00;8.26167601425875
05/30/2017;02:00:00;8.23043700344508
05/30/2017;03:00:00;8.13586125727927
05/30/2017;04:00:00;8.06286753326047
05/30/2017;05:00:00;8.04492555031871
05/30/2017;06:00:00;8.07030671097218
05/30/2017;07:00:00;8.11197153809729
05/30/2017;08:00:00;8.16925735291904
05/30/2017;09:00:00;8.26921908546395
05/30/2017;10:00:00;8.34757186837427
05/30/2017;11:00:00;8.36761093301881
05/30/2017;12:00:00;8.38591601257751
05/30/2017;13:00:00;8.44914058477717
05/30/2017;14:00:00;8.44424500925797
05/30/2017;15:00:00;8.48383464548832
05/30/2017;16:00:00;8.41450317688827
05/30/2017;17:00:00;8.38892608483093
05/30/2017;18:00:00;8.39883629732838
05/30/2017;19:00:00;8.33283582401414
05/30/2017;20:00:00;8.34471467235026
05/30/2017;21:00:00;8.46446193547297
05/30/2017;22:00:00;8.4794878469534
05/30/2017;23:00:00;8.40578490096585
05/31/2017;00:00:00;8.3668693112233
05/31/2017;01:00:00;8.36010610788903
05/31/2017;02:00:00;8.35960661370847
05/31/2017;03:00:00;8.36702740536431
05/31/2017;04:00:00;8.28685445573564
05/31/2017;05:00:00;8.25084055546698
05/31/2017;06:00:00;8.21191674490693
05/31/2017;07:00:00;8.19988194951447
05/31/2017;08:00:00;8.20667580414394
05/31/2017;09:00:00;8.15876498132297
05/31/2017;10:00:00;8.15325959344233
05/31/2017;11:00:00;8.12952648225707
05/31/2017;12:00:00;8.09198248118938
05/31/2017;13:00:00;8.08607250389019
05/31/2017;14:00:00;8.03879796536218
05/31/2017;15:00:00;8.06068518500084
05/31/2017;16:00:00;8.06650695126082
05/31/2017;17:00:00;8.01547616464002
05/31/2017;18:00:00;8.02776801176487
05/31/2017;19:00:00;8.02472171525164
05/31/2017;20:00:00;7.97572977348699
05/31/2017;21:00:00;7.93397990143382
05/31/2017;22:00:00;7.94441661034858
05/31/2017;23:00:00;7.92452823437936
06/01/2017;00:00:00;7.88488976596433
06/01/2017;01:00:00;7.8540677008925
06/01/2017;02:00:00;7.82935111581358
06/01/2017;03:00:00;7.76955109794451
06/01/2017;04:00:00;7.74536843401687
06/01/2017;05:00:00;7.76346073556835
06/01/2017;06:00:00;7.75491084853775
06/01/2017;07:00:00;7.89101398568482
06/01/2017;08:00:00;7.96130357996473
06/01/2017;09:00:00;7.84233134456253
06/01/2017;10:00:00;7.71728691453371
06/01/2017;11:00:00;7.84400656263449
06/01/2017;12:00:00;7.90033671763397
06/01/2017;13:00:00;7.86509711790061
06/01/2017;14:00:00;7.95175361628657
06/01/2017;15:00:00;7.91929811635574
06/01/2017;16:00:00;8.01041816783073
06/01/2017;17:00:00;8.04106004224228
06/01/2017;18:00:00;8.06487909994978
06/01/2017;19:00:00;8.04457628344113
06/01/2017;20:00:00;8.05680460204485
06/01/2017;21:00:00;8.04573427052511
06/01/2017;22:00:00;7.95288542666543
06/01/2017;23:00:00;7.95423735031852
06/02/2017;00:00:00;7.91732371228032
06/02/2017;01:00:00;7.8736430332641
06/02/2017;02:00:00;7.86700095420192
06/02/2017;03:00:00;7.87590176766372
06/02/2017;04:00:00;7.85631449854421
06/02/2017;05:00:00;7.8458522641233
06/02/2017;06:00:00;7.8940055466235
06/02/2017;07:00:00;7.89471669378035
06/02/2017;08:00:00;7.88342333262268
06/02/2017;09:00:00;7.88554245829162
06/02/2017;10:00:00;7.99957563668124
06/02/2017;11:00:00;7.98100398591846
06/02/2017;12:00:00;7.95051724707159
06/02/2017;13:00:00;8.04451741717772
06/02/2017;14:00:00;8.14499240173788
06/02/2017;15:00:00;8.16336037998503
06/02/2017;16:00:00;8.19800663561346
06/02/2017;17:00:00;8.1833370004204
06/02/2017;18:00:00;8.06879964003371
06/02/2017;19:00:00;8.21832804247425
06/02/2017;20:00:00;8.11379181390281
06/02/2017;21:00:00;8.02982164884623
06/02/2017;22:00:00;7.93151602391387
06/02/2017;23:00:00;7.92805360647572
06/03/2017;00:00:00;7.89664984533432
06/03/2017;01:00:00;7.84776930188359
06/03/2017;02:00:00;7.86570888101062
06/03/2017;03:00:00;7.92857310027665
06/03/2017;04:00:00;7.94691708095202
06/03/2017;05:00:00;7.95546817194131
06/03/2017;06:00:00;7.97216376860661
06/03/2017;07:00:00;8.02068832035745
06/03/2017;08:00:00;8.07534582085213
06/03/2017;09:00:00;8.02815031992416
06/03/2017;10:00:00;7.93546369352675
06/03/2017;11:00:00;8.09092761364622
06/03/2017;12:00:00;8.20228768765587
06/03/2017;13:00:00;8.20936301266712
06/03/2017;14:00:00;8.22369770533951
06/03/2017;15:00:00;8.29704590534201
06/03/2017;16:00:00;8.2524638686397
06/03/2017;17:00:00;8.36604122076891
06/03/2017;18:00:00;8.21807286493809
06/03/2017;19:00:00;8.24971467244579
06/03/2017;20:00:00;8.21086445373082
06/03/2017;21:00:00;8.21962523939936
06/03/2017;22:00:00;8.11329546460289
06/03/2017;23:00:00;8.12946509903282
06/04/2017;00:00:00;8.06748326323157
06/04/2017;01:00:00;8.13995703340829
06/04/2017;02:00:00;8.07526788107136
06/04/2017;03:00:00;8.05710445947394
06/04/2017;04:00:00;8.02537305402797
06/04/2017;05:00:00;8.02415940214658
06/04/2017;06:00:00;8.11894649641662
06/04/2017;07:00:00;8.11318407834013
06/04/2017;08:00:00;8.10016335630837
06/04/2017;09:00:00;8.27479003882944
06/04/2017;10:00:00;8.35966927522018
06/04/2017;11:00:00;8.46133583793749
06/04/2017;12:00:00;8.47302839627597
06/04/2017;13:00:00;8.5055588041628
06/04/2017;14:00:00;8.52767749019537
06/04/2017;15:00:00;8.55264529585529
06/04/2017;16:00:00;8.57207562203008
06/04/2017;17:00:00;8.61210902887746
06/04/2017;18:00:00;8.36717863538621
06/04/2017;19:00:00;8.46050376516741
06/04/2017;20:00:00;8.13772110641209
06/04/2017;21:00:00;8.10824361639574
06/04/2017;22:00:00;7.98869839847907
06/04/2017;23:00:00;7.85353916344127
06/05/2017;00:00:00;7.7839776420293
06/05/2017;01:00:00;7.77612358451823
06/05/2017;02:00:00;7.82240481016541
06/05/2017;03:00:00;7.7732399923151
06/05/2017;04:00:00;7.83874402443524
06/05/2017;05:00:00;7.90330452328397
06/05/2017;06:00:00;7.84082526946509
06/05/2017;07:00:00;7.87302326611169
06/05/2017;08:00:00;7.78827443042528
06/05/2017;09:00:00;8.00566834582027
06/05/2017;10:00:00;7.9785572927511
06/05/2017;11:00:00;8.217342876275
06/05/2017;12:00:00;8.21769847863298
06/05/2017;13:00:00;8.00955284164355
06/05/2017;14:00:00;7.93586172522976
06/05/2017;15:00:00;8.04690257083481
06/05/2017;16:00:00;7.97238280468195
06/05/2017;17:00:00;7.99417797759693
06/05/2017;18:00:00;8.14244810379244
06/05/2017;19:00:00;8.18255307511888
06/05/2017;20:00:00;8.25455839026997
06/05/2017;21:00:00;8.19462373861697
06/05/2017;22:00:00;7.9142588435456
06/05/2017;23:00:00;7.73200067148654
06/06/2017;00:00:00;7.87811856173613
06/06/2017;01:00:00;7.75401578162495
06/06/2017;02:00:00;7.62288426905329
06/06/2017;03:00:00;7.68942951037243
06/06/2017;04:00:00;7.65147793176413
06/06/2017;05:00:00;7.61743457421508
06/06/2017;06:00:00;7.64014862591678
06/06/2017;07:00:00;7.58808537717693
06/06/2017;08:00:00;7.71190276713351
06/06/2017;09:00:00;7.68366199294697
06/06/2017;10:00:00;7.84798353147937
06/06/2017;11:00:00;7.82611978423543
06/06/2017;12:00:00;7.77231571358253
06/06/2017;13:00:00;7.77132251693385
06/06/2017;14:00:00;7.87915974934528
06/06/2017;15:00:00;7.72288433432895
06/06/2017;16:00:00;7.90356262341469
06/06/2017;17:00:00;7.90073264850991
06/06/2017;18:00:00;7.91705383781416
06/06/2017;19:00:00;7.91140488155263
06/06/2017;20:00:00;7.91969945195852
06/06/2017;21:00:00;7.90205804691258
06/06/2017;22:00:00;7.87719341866816
06/06/2017;23:00:00;7.83327929054065
06/07/2017;00:00:00;7.79503578772404
06/07/2017;01:00:00;7.82432672278633
06/07/2017;02:00:00;7.83583435944646
06/07/2017;03:00:00;7.80787825702357
06/07/2017;04:00:00;7.77112927286124
06/07/2017;05:00:00;7.68714814175873
06/07/2017;06:00:00;7.6909891008931
06/07/2017;07:00:00;7.72491006582625
06/07/2017;08:00:00;7.72435361002572
06/07/2017;09:00:00;7.72635146890777
06/07/2017;10:00:00;7.7552007218093
06/07/2017;11:00:00;7.73918496360913
06/07/2017;12:00:00;7.76386750881689
06/07/2017;13:00:00;7.75264467254984
06/07/2017;14:00:00;7.74730723288174
06/07/2017;15:00:00;7.67754295427869
06/07/2017;16:00:00;7.69908380143076
06/07/2017;17:00:00;7.62943672457482
06/07/2017;18:00:00;7.67444528371457
06/07/2017;19:00:00;7.67258067462101
06/07/2017;20:00:00;7.68222369123471
06/07/2017;21:00:00;7.64344831242252
06/07/2017;22:00:00;7.6392826427702
06/07/2017;23:00:00;7.74273381225766
06/08/2017;00:00:00;7.68288103905634
06/08/2017;01:00:00;7.64717344187359
06/08/2017;02:00:00;7.63181442610046
06/08/2017;03:00:00;7.56779921073254
06/08/2017;04:00:00;7.54465985718891
06/08/2017;05:00:00;7.58538055025844
06/08/2017;06:00:00;7.53544943794246
06/08/2017;07:00:00;7.50586015983876
06/08/2017;08:00:00;7.54218422258211
06/08/2017;09:00:00;7.58019171887899
06/08/2017;10:00:00;7.58014209644302
06/08/2017;11:00:00;7.6926764822052
06/08/2017;12:00:00;7.67239520328349
06/08/2017;13:00:00;7.7704434702762
06/08/2017;14:00:00;7.74931417232288
06/08/2017;15:00:00;7.74284432871266
06/08/2017;16:00:00;7.77256843140853
06/08/2017;17:00:00;7.8019140727535
06/08/2017;18:00:00;7.78825549275764
06/08/2017;19:00:00;7.80907279689063
06/08/2017;20:00:00;7.8109573322578
06/08/2017;21:00:00;7.79650272079288
06/08/2017;22:00:00;7.76688198268739
06/08/2017;23:00:00;7.80101028632083
06/09/2017;00:00:00;7.73899912503564
06/09/2017;01:00:00;7.8410500284703
06/09/2017;02:00:00;7.79504093135196
06/09/2017;03:00:00;7.79034496077598
06/09/2017;04:00:00;7.7420511213077
06/09/2017;05:00:00;7.78124011721147
06/09/2017;06:00:00;7.78008037698351
06/09/2017;07:00:00;7.7858364905214
06/09/2017;08:00:00;7.88453799222534
06/09/2017;09:00:00;7.94927450400022
06/09/2017;10:00:00;8.01709087894624
06/09/2017;11:00:00;8.04456534933398
06/09/2017;12:00:00;8.07219783224921
06/09/2017;13:00:00;8.1301458269829
06/09/2017;14:00:00;8.05360965838027
06/09/2017;15:00:00;8.0400354078304
06/09/2017;16:00:00;7.99790236402086
06/09/2017;17:00:00;8.02554305647379
06/09/2017;18:00:00;8.00269214244405
06/09/2017;19:00:00;7.99946761824858
06/09/2017;20:00:00;7.94573462210932
06/09/2017;21:00:00;7.89500025617302
06/09/2017;22:00:00;7.84367294306245
06/09/2017;23:00:00;7.86865932449835
06/10/2017;00:00:00;7.84855312199966
06/10/2017;01:00:00;7.7743466298695
06/10/2017;02:00:00;7.79577179930178
06/10/2017;03:00:00;7.75722595616692
06/10/2017;04:00:00;7.76895029433762
06/10/2017;05:00:00;7.72130751981894
06/10/2017;06:00:00;7.75664129086482
06/10/2017;07:00:00;7.82854124909831
06/10/2017;08:00:00;7.88436919774804
06/10/2017;09:00:00;7.90037663513866
06/10/2017;10:00:00;7.98521285464821
06/10/2017;11:00:00;7.93360646922351
06/10/2017;12:00:00;7.95318606549554
06/10/2017;13:00:00;7.89367493659497
06/10/2017;14:00:00;7.87598011761149
06/10/2017;15:00:00;7.75858897346211
06/10/2017;16:00:00;7.76730468431094
06/10/2017;17:00:00;7.84312873183426
06/10/2017;18:00:00;7.8690676561215
06/10/2017;19:00:00;7.89121423916489
06/10/2017;20:00:00;7.89317667102026
06/10/2017;21:00:00;7.95091527586244
06/10/2017;22:00:00;8.0103049593754
06/10/2017;23:00:00;7.91432683141486
06/11/2017;00:00:00;7.91922126084938
06/11/2017;01:00:00;7.92096573147936
06/11/2017;02:00:00;7.9062677855902
06/11/2017;03:00:00;7.9109023608525
06/11/2017;04:00:00;7.83193744050456
06/11/2017;05:00:00;7.78186992976454
06/11/2017;06:00:00;7.84943835600835
06/11/2017;07:00:00;7.84668314314985
06/11/2017;08:00:00;7.85119831144702
06/11/2017;09:00:00;7.83075994240115
06/11/2017;10:00:00;7.83638062006863
06/11/2017;11:00:00;7.90096789102338
06/11/2017;12:00:00;7.95650781787265
06/11/2017;13:00:00;7.98287409123065
06/11/2017;14:00:00;8.02186496442238
06/11/2017;15:00:00;8.03682233069473
06/11/2017;16:00:00;8.04800691081946
06/11/2017;17:00:00;8.06384911278629
06/11/2017;18:00:00;8.11377282528266
06/11/2017;19:00:00;8.12335920191517
06/11/2017;20:00:00;8.10333040980936
06/11/2017;21:00:00;8.05663911234455
06/11/2017;22:00:00;8.03689254231109
06/11/2017;23:00:00;8.00408369352671
06/12/2017;00:00:00;7.97126102121946
06/12/2017;01:00:00;7.97100336029333
06/12/2017;02:00:00;7.9149943303185
06/12/2017;03:00:00;7.88320695243088
06/12/2017;04:00:00;7.86458708176191
06/12/2017;05:00:00;7.929218852951
06/12/2017;06:00:00;7.93975285709616
06/12/2017;07:00:00;7.94408599956774
06/12/2017;08:00:00;7.93398368981475
06/12/2017;09:00:00;7.97137247141787
06/12/2017;10:00:00;7.97076074488711
06/12/2017;11:00:00;7.99888908681032
06/12/2017;12:00:00;8.04707260580314
06/12/2017;13:00:00;8.14055243964931
06/12/2017;14:00:00;8.17828002900121
06/12/2017;15:00:00;8.11581398505875
06/12/2017;16:00:00;8.05071651450116
06/12/2017;17:00:00;8.00661284200164
06/12/2017;18:00:00;8.05283791814498
06/12/2017;19:00:00;7.92709019647574
06/12/2017;20:00:00;7.85405296754212
06/12/2017;21:00:00;7.73985788279701
06/12/2017;22:00:00;7.74427902301096
06/12/2017;23:00:00;7.76655255143794
06/13/2017;00:00:00;7.6978400286349
06/13/2017;01:00:00;7.64734469327345
06/13/2017;02:00:00;7.63290497211218
06/13/2017;03:00:00;7.64518244755457
06/13/2017;04:00:00;7.6629618912301
06/13/2017;05:00:00;7.63481699365362
06/13/2017;06:00:00;7.63034058511127
06/13/2017;07:00:00;7.65631512301529
06/13/2017;08:00:00;7.73690457514047
06/13/2017;09:00:00;7.58954573351401
06/13/2017;10:00:00;7.65007427648992
06/13/2017;11:00:00;7.74090143732273
06/13/2017;12:00:00;7.75597456491191
06/13/2017;13:00:00;7.71116647953038
06/13/2017;14:00:00;7.72609197782274
06/13/2017;15:00:00;7.72269490565132
06/13/2017;16:00:00;7.72563023163919
06/13/2017;17:00:00;7.70768705084321
06/13/2017;18:00:00;7.69536309976067
06/13/2017;19:00:00;7.65764291562244
06/13/2017;20:00:00;7.65920428830454
06/13/2017;21:00:00;7.62152395421748
06/13/2017;22:00:00;7.61195732600167
06/13/2017;23:00:00;7.57240816447686
06/14/2017;00:00:00;7.55834955515887
06/14/2017;01:00:00;7.55310888755554
06/14/2017;02:00:00;7.55706688308427
06/14/2017;03:00:00;7.57494144528895
06/14/2017;04:00:00;7.529148052018
06/14/2017;05:00:00;7.53701319223534
06/14/2017;06:00:00;7.55987960828631
06/14/2017;07:00:00;7.56118550906538
06/14/2017;08:00:00;7.6576112977404
06/14/2017;09:00:00;7.8125459333656
06/14/2017;10:00:00;7.90953341609577
06/14/2017;11:00:00;7.93668811519157
06/14/2017;12:00:00;7.92718007864599
06/14/2017;13:00:00;7.83959640657054
06/14/2017;14:00:00;7.81788452298977
06/14/2017;15:00:00;7.84687680774166
06/14/2017;16:00:00;7.92584261682669
06/14/2017;17:00:00;8.03209348118075
06/14/2017;18:00:00;8.15070942337886
06/14/2017;19:00:00;8.13306473441297
06/14/2017;20:00:00;8.17747703960139
06/14/2017;21:00:00;8.12394038227931
06/14/2017;22:00:00;8.04387485518908
06/14/2017;23:00:00;8.00363691674839
06/15/2017;00:00:00;8.09501086382462
06/15/2017;01:00:00;8.40007746677873
06/15/2017;02:00:00;8.37505143884306
06/15/2017;03:00:00;8.32908099587992
06/15/2017;04:00:00;8.28104052453326
06/15/2017;05:00:00;8.29502889459311
06/15/2017;06:00:00;8.33079670167284
06/15/2017;07:00:00;8.35840526976077
06/15/2017;08:00:00;8.41845582895126
06/15/2017;09:00:00;8.39234953898394
06/15/2017;10:00:00;8.45470663673568
06/15/2017;11:00:00;8.51193780480826
06/15/2017;12:00:00;8.59178982700126
06/15/2017;13:00:00;8.58022431810631
06/15/2017;14:00:00;8.62063065038358
06/15/2017;15:00:00;8.6628098381925
06/15/2017;16:00:00;8.66725056679837
06/15/2017;17:00:00;8.67642740208398
06/15/2017;18:00:00;8.70948720749762
06/15/2017;19:00:00;8.66028790196167
06/15/2017;20:00:00;8.67284104749401
06/15/2017;21:00:00;8.6598211847307
06/15/2017;22:00:00;8.62134021097797
06/15/2017;23:00:00;8.61992754566982
06/16/2017;00:00:00;8.63262632456152
06/16/2017;01:00:00;8.61436535184795
06/16/2017;02:00:00;8.584638742114
06/16/2017;03:00:00;8.5745682263037
06/16/2017;04:00:00;8.55335423800953
06/16/2017;05:00:00;8.54063648770347
06/16/2017;06:00:00;8.52193348535163
06/16/2017;07:00:00;8.54297869491794
06/16/2017;08:00:00;8.62917715491498
06/16/2017;09:00:00;8.65919594849506
06/16/2017;10:00:00;8.67712300392562
06/16/2017;11:00:00;8.65902286545005
06/16/2017;12:00:00;8.63738091922558
06/16/2017;13:00:00;8.65934328433034
06/16/2017;14:00:00;8.62820754378509
06/16/2017;15:00:00;8.60814697677847
06/16/2017;16:00:00;8.5398869029221
06/16/2017;17:00:00;8.58960335134596
06/16/2017;18:00:00;8.5465820862667
06/16/2017;19:00:00;8.55347155999947
06/16/2017;20:00:00;8.51150212447016
06/16/2017;21:00:00;8.45090595624876
06/16/2017;22:00:00;8.40485061827058
06/16/2017;23:00:00;8.3317935210349
06/17/2017;00:00:00;8.31743943131538
06/17/2017;01:00:00;8.27950334292415
06/17/2017;02:00:00;8.1838076927397
06/17/2017;03:00:00;8.16570644869655
06/17/2017;04:00:00;8.14357323592036
06/17/2017;05:00:00;8.14734561355652
06/17/2017;06:00:00;8.19418861320849
06/17/2017;07:00:00;8.24844945687693
06/17/2017;08:00:00;8.31721092800561
06/17/2017;09:00:00;8.32520534891057
06/17/2017;10:00:00;8.3664219932473
06/17/2017;11:00:00;8.38947262927636
06/17/2017;12:00:00;8.41337984355879
06/17/2017;13:00:00;8.42803035363447
06/17/2017;14:00:00;8.49367984076133
06/17/2017;15:00:00;8.50264993721375
06/17/2017;16:00:00;8.50962063872504
06/17/2017;17:00:00;8.51720390203449
06/17/2017;18:00:00;8.504483436577
06/17/2017;19:00:00;8.51221308904351
06/17/2017;20:00:00;8.51398671961835
06/17/2017;21:00:00;8.47757799389101
06/17/2017;22:00:00;8.50425030633436
06/17/2017;23:00:00;8.49387107255158
06/18/2017;00:00:00;8.45903159331705
06/18/2017;01:00:00;8.4058948993737
06/18/2017;02:00:00;8.37173005339727
06/18/2017;03:00:00;8.34216369251812
06/18/2017;04:00:00;8.3387379004362
06/18/2017;05:00:00;8.32147631742495
06/18/2017;06:00:00;8.25865246526689
06/18/2017;07:00:00;8.34076968825555
06/18/2017;08:00:00;8.41797385344026
06/18/2017;09:00:00;8.38310834627351
06/18/2017;10:00:00;8.40827891890265
06/18/2017;11:00:00;8.46967913297699
06/18/2017;12:00:00;8.49160005784219
06/18/2017;13:00:00;8.54997246615189
06/18/2017;14:00:00;8.60584500461779
06/18/2017;15:00:00;8.688949335376
06/18/2017;16:00:00;8.74593577798081
06/18/2017;17:00:00;8.66522415110563
06/18/2017;18:00:00;8.73893033555298
06/18/2017;19:00:00;8.64280227918593
06/18/2017;20:00:00;8.58141930928
06/18/2017;21:00:00;8.55705491580204
06/18/2017;22:00:00;8.50236608486516
06/18/2017;23:00:00;8.50362152196903
06/19/2017;00:00:00;8.76290048355698
06/19/2017;01:00:00;8.36440769020316
06/19/2017;02:00:00;8.52259118714064
06/19/2017;03:00:00;8.56778761986399
06/19/2017;04:00:00;8.50413514256933
06/19/2017;05:00:00;8.50698423004451
06/19/2017;06:00:00;8.56038977121681
06/19/2017;07:00:00;8.65317414779869
06/19/2017;08:00:00;8.72995472362851
06/19/2017;09:00:00;8.75847250063144
06/19/2017;10:00:00;8.76710723413295
06/19/2017;11:00:00;8.79681219623171
06/19/2017;12:00:00;8.80599761329022
06/19/2017;13:00:00;8.78067029502218
06/19/2017;14:00:00;8.79103072178125
06/19/2017;15:00:00;8.7990580793971
06/19/2017;16:00:00;8.85003435709771
06/19/2017;17:00:00;8.85512009053424
06/19/2017;18:00:00;8.84206622692964
06/19/2017;19:00:00;8.83990679850204
06/19/2017;20:00:00;8.86515366053692
06/19/2017;21:00:00;8.77534900201647
06/19/2017;22:00:00;8.83494546667266
06/19/2017;23:00:00;8.84830038984106
06/20/2017;00:00:00;8.86488985967539
06/20/2017;01:00:00;8.88915118029911
06/20/2017;02:00:00;8.89068076507077
06/20/2017;03:00:00;8.95569085570567
06/20/2017;04:00:00;8.90193063716717
06/20/2017;05:00:00;8.78287470782682
06/20/2017;06:00:00;8.73888740926038
06/20/2017;07:00:00;8.80356340984643
06/20/2017;08:00:00;8.83082203323606
06/20/2017;09:00:00;8.866829805705
06/20/2017;10:00:00;8.88332380423145
06/20/2017;11:00:00;8.89684894487973
06/20/2017;12:00:00;8.8631779782928
06/20/2017;13:00:00;8.83469949118971
06/20/2017;14:00:00;8.81834261859999
06/20/2017;15:00:00;8.81541895601631
06/20/2017;16:00:00;8.83076514479155
06/20/2017;17:00:00;8.78459097514554
06/20/2017;18:00:00;8.75035822130582
06/20/2017;19:00:00;8.67320941483703
06/20/2017;20:00:00;8.57548292775273
06/20/2017;21:00:00;8.50644836180312
06/20/2017;22:00:00;8.38991905891879
06/20/2017;23:00:00;8.20499624805488
06/21/2017;00:00:00;8.07757581624089
06/21/2017;01:00:00;8.04323417497197
06/21/2017;02:00:00;7.94170408385405
06/21/2017;03:00:00;7.94708270570999
06/21/2017;04:00:00;7.79024943141415
06/21/2017;05:00:00;7.73121742298687
06/21/2017;06:00:00;7.71449809184968
06/21/2017;07:00:00;7.69693072765393
06/21/2017;08:00:00;7.72138455501448
06/21/2017;09:00:00;7.81932290986976
06/21/2017;10:00:00;7.84128217405438
06/21/2017;11:00:00;7.85501267793558
06/21/2017;12:00:00;7.90694839692587
06/21/2017;13:00:00;7.92206472858216
06/21/2017;14:00:00;7.88312228548388
06/21/2017;15:00:00;7.95049438564221
06/21/2017;16:00:00;7.99136329366761
06/21/2017;17:00:00;7.97293004041429
06/21/2017;18:00:00;7.97694992820826
06/21/2017;19:00:00;7.96646174752028
06/21/2017;20:00:00;7.93072733869081
06/21/2017;21:00:00;7.89653725673646
06/21/2017;22:00:00;7.89587344484237
06/21/2017;23:00:00;7.85689003923108
06/22/2017;00:00:00;7.81992779635117
06/22/2017;01:00:00;7.79920807183528
06/22/2017;02:00:00;7.7694039881958
06/22/2017;03:00:00;7.77492814397994
06/22/2017;04:00:00;7.78346462562707
06/22/2017;05:00:00;7.7699490478777
06/22/2017;06:00:00;7.80706049384473
06/22/2017;07:00:00;7.80867300259946
06/22/2017;08:00:00;7.65139258204509
06/22/2017;09:00:00;7.7668008559405
06/22/2017;10:00:00;7.77262407281883
06/22/2017;11:00:00;7.93943303610065
06/22/2017;12:00:00;7.94458525847296
06/22/2017;13:00:00;8.11661183844918
06/22/2017;14:00:00;8.07506856696786
06/22/2017;15:00:00;8.07638782462116
06/22/2017;16:00:00;8.04298607439058
06/22/2017;17:00:00;8.05459427004763
06/22/2017;18:00:00;8.05193335471165
06/22/2017;19:00:00;8.01143963699017
06/22/2017;20:00:00;7.99453768259937
06/22/2017;21:00:00;8.03368840417714
06/22/2017;22:00:00;8.01599255491661
06/22/2017;23:00:00;7.9486881995609
06/23/2017;00:00:00;7.89319670088853
06/23/2017;01:00:00;7.90578280199686
06/23/2017;02:00:00;7.86472937629064
06/23/2017;03:00:00;7.83628605381774
06/23/2017;04:00:00;7.92080120806195
06/23/2017;05:00:00;7.90904316466916
06/23/2017;06:00:00;7.84811979171682
06/23/2017;07:00:00;7.91768699499045
06/23/2017;08:00:00;7.84242156884602
06/23/2017;09:00:00;7.78824905787313
06/23/2017;10:00:00;7.8064374928169
06/23/2017;11:00:00;7.83521098236569
06/23/2017;12:00:00;7.99611021337144
06/23/2017;13:00:00;7.92998227545052
06/23/2017;14:00:00;8.0324757970179
06/23/2017;15:00:00;8.07003193671132
06/23/2017;16:00:00;7.93316082462031
06/23/2017;17:00:00;7.99655319828363
06/23/2017;18:00:00;8.08871344907014
06/23/2017;19:00:00;8.00113265742638
06/23/2017;20:00:00;7.92830509760263
06/23/2017;21:00:00;7.92609095858033
06/23/2017;22:00:00;7.87552712016011
06/23/2017;23:00:00;7.86874335216136
06/24/2017;00:00:00;7.8802627994923
06/24/2017;01:00:00;7.79399017218612
06/24/2017;02:00:00;7.76426881561208
06/24/2017;03:00:00;7.80297502428429
06/24/2017;04:00:00;7.77223842172401
06/24/2017;05:00:00;7.77845937952952
06/24/2017;06:00:00;7.7691022811474
06/24/2017;07:00:00;7.74361867214844
06/24/2017;08:00:00;7.7385775454901
06/24/2017;09:00:00;7.7441014305951
06/24/2017;10:00:00;7.8025987562423
06/24/2017;11:00:00;7.81555752891443
06/24/2017;12:00:00;7.846529798883
06/24/2017;13:00:00;7.84682524628007
06/24/2017;14:00:00;7.89930836292609
06/24/2017;15:00:00;7.94482638185163
06/24/2017;16:00:00;7.94962018758324
06/24/2017;17:00:00;7.95794712024142
06/24/2017;18:00:00;7.90535397429284
06/24/2017;19:00:00;7.89574144523951
06/24/2017;20:00:00;7.94047049119268
06/24/2017;21:00:00;7.91920331892119
06/24/2017;22:00:00;7.90981397866028
06/24/2017;23:00:00;7.90072064523324
06/25/2017;00:00:00;7.9086148282363
06/25/2017;01:00:00;7.91571424123009
06/25/2017;02:00:00;7.82826819935963
06/25/2017;03:00:00;7.81118779150044
06/25/2017;04:00:00;7.86248920807381
06/25/2017;05:00:00;7.81662042739991
06/25/2017;06:00:00;7.83080533213327
06/25/2017;07:00:00;7.85580981349674
06/25/2017;08:00:00;7.87008121977182
06/25/2017;09:00:00;7.86570892172524
06/25/2017;10:00:00;7.86179771566542
06/25/2017;11:00:00;7.90683230018644
06/25/2017;12:00:00;7.87813682709906
06/25/2017;13:00:00;7.96405224409496
06/25/2017;14:00:00;7.87451370933251
06/25/2017;15:00:00;7.86963844325141
06/25/2017;16:00:00;7.97943992965774
06/25/2017;17:00:00;7.93127707574639
06/25/2017;18:00:00;7.89638415511159
06/25/2017;19:00:00;7.88429986646493
06/25/2017;20:00:00;7.82745537369732
06/25/2017;21:00:00;7.73821251392867
06/25/2017;22:00:00;7.6900973584828
06/25/2017;23:00:00;7.69381384314907
06/26/2017;00:00:00;7.70399641591225
06/26/2017;01:00:00;7.72946739037365
06/26/2017;02:00:00;7.72106415239317
06/26/2017;03:00:00;7.69222243156924
06/26/2017;04:00:00;7.71051860233925
06/26/2017;05:00:00;7.70720411222587
06/26/2017;06:00:00;7.76011320939791
06/26/2017;07:00:00;7.69516632010647
06/26/2017;08:00:00;7.7274530034366
06/26/2017;09:00:00;7.70221825742963
06/26/2017;10:00:00;7.67339042353836
06/26/2017;11:00:00;7.67097620006114
06/26/2017;12:00:00;7.69607432026978
06/26/2017;13:00:00;7.70275803035785
06/26/2017;14:00:00;7.67907546278945
06/26/2017;15:00:00;7.7457386465545
06/26/2017;16:00:00;7.65907169346888
06/26/2017;17:00:00;7.6646641665717
06/26/2017;18:00:00;7.67637460611331
06/26/2017;19:00:00;7.65564726871866
06/26/2017;20:00:00;7.65386717081623
06/26/2017;21:00:00;7.65489220198174
06/26/2017;22:00:00;7.66461090288359
06/26/2017;23:00:00;7.53343469036018
06/27/2017;00:00:00;7.58043706450932
06/27/2017;01:00:00;7.57133182631157
06/27/2017;02:00:00;7.65159873747002
06/27/2017;03:00:00;7.59245328423339
06/27/2017;04:00:00;7.61058389529783
06/27/2017;05:00:00;7.63525290508404
06/27/2017;06:00:00;7.61769697243849
06/27/2017;07:00:00;7.88244226664215
06/27/2017;08:00:00;7.86062958584868
06/27/2017;09:00:00;7.8605581830994
06/27/2017;10:00:00;7.88263620092061
06/27/2017;11:00:00;7.61652223533191
06/27/2017;12:00:00;7.66019388739342
06/27/2017;13:00:00;7.81978924060179
06/27/2017;14:00:00;7.76550803143805
06/27/2017;15:00:00;7.82066334651884
06/27/2017;16:00:00;7.8210824383747
06/27/2017;17:00:00;7.80569136959364
06/27/2017;18:00:00;7.79841627977469
06/27/2017;19:00:00;7.7993552385456
06/27/2017;20:00:00;7.77341104372656
06/27/2017;21:00:00;7.76306160487844
06/27/2017;22:00:00;7.77353005327002
06/27/2017;23:00:00;7.71913369437473
06/28/2017;00:00:00;7.74810287252532
06/28/2017;01:00:00;7.72947723938723
06/28/2017;02:00:00;7.67723805304712
06/28/2017;03:00:00;7.67986654082144
06/28/2017;04:00:00;7.69697878007532
06/28/2017;05:00:00;7.71593400640969
06/28/2017;06:00:00;7.74978817234003
06/28/2017;07:00:00;7.8022156453271
06/28/2017;08:00:00;7.70401566713558
06/28/2017;09:00:00;7.60665608103792
06/28/2017;10:00:00;7.61655290902596
06/28/2017;11:00:00;7.67237146362306
06/28/2017;12:00:00;7.61825906092691
06/28/2017;13:00:00;7.71586704155383
06/28/2017;14:00:00;7.7527785868803
06/28/2017;15:00:00;7.84018546819859
06/28/2017;16:00:00;7.89083723059875
06/28/2017;17:00:00;7.703451130253
06/28/2017;18:00:00;7.71631969342381
06/28/2017;19:00:00;7.71841427626636
06/28/2017;20:00:00;7.63606718626613
06/28/2017;21:00:00;7.65049337005346
06/28/2017;22:00:00;7.51277104823722
06/28/2017;23:00:00;7.49144741845855
06/29/2017;00:00:00;7.38257962655261
06/29/2017;01:00:00;7.30354488758706
06/29/2017;02:00:00;7.33348585611492
06/29/2017;03:00:00;7.31896794520838
06/29/2017;04:00:00;7.34856710623354
06/29/2017;05:00:00;7.41063911332141
06/29/2017;06:00:00;7.44282724582665
06/29/2017;07:00:00;7.46492893557571
06/29/2017;08:00:00;7.62692525671702
06/29/2017;09:00:00;7.74418899144321
06/29/2017;10:00:00;7.78716181762314
06/29/2017;11:00:00;7.84144568311682
06/29/2017;12:00:00;7.85062102691248
06/29/2017;13:00:00;7.73303077202546
06/29/2017;14:00:00;7.52076374700352
06/29/2017;15:00:00;7.58261179966564
06/29/2017;16:00:00;7.70907886916175
06/29/2017;17:00:00;7.74705166073327
06/29/2017;18:00:00;7.65546979917025
06/29/2017;19:00:00;7.55515732337402
06/29/2017;20:00:00;7.46841191078979
06/29/2017;21:00:00;7.40541687768875
06/29/2017;22:00:00;7.36739334682703
06/29/2017;23:00:00;7.33836586777425
06/30/2017;00:00:00;7.30518045361874
06/30/2017;01:00:00;7.23439743480335
06/30/2017;02:00:00;7.23470199257176
06/30/2017;03:00:00;7.24411145624677
06/30/2017;04:00:00;7.22119386016932
06/30/2017;05:00:00;7.23938381675287
06/30/2017;06:00:00;7.2152661690592
06/30/2017;07:00:00;7.2172868296638
06/30/2017;08:00:00;7.22766990240979
06/30/2017;09:00:00;7.24493384321949
06/30/2017;10:00:00;7.27945046212483
06/30/2017;11:00:00;7.32574745634341
06/30/2017;12:00:00;7.40460096577635
06/30/2017;13:00:00;7.33644053646266
06/30/2017;14:00:00;7.33954308100406
06/30/2017;15:00:00;7.30955730836827
06/30/2017;16:00:00;7.33203583659393
06/30/2017;17:00:00;7.45335434554842
06/30/2017;18:00:00;7.42997073928209
06/30/2017;19:00:00;7.31947692264069
06/30/2017;20:00:00;7.37822990535158
06/30/2017;21:00:00;7.32129439034544
06/30/2017;22:00:00;7.21114676601964
06/30/2017;23:00:00;7.22834963058499
07/01/2017;00:00:00;7.19039524290972
07/01/2017;01:00:00;7.28723288118234
07/01/2017;02:00:00;7.31383016642478
07/01/2017;03:00:00;7.21744127431314
07/01/2017;04:00:00;7.22745736801413
07/01/2017;05:00:00;7.23033833211052
07/01/2017;06:00:00;7.2592132252456
07/01/2017;07:00:00;7.27188426590477
07/01/2017;08:00:00;7.3154115252069
07/01/2017;09:00:00;7.3604147030714
07/01/2017;10:00:00;7.35959523091891
07/01/2017;11:00:00;7.34357900410429
07/01/2017;12:00:00;7.33355289894995
07/01/2017;13:00:00;7.35569479754943
07/01/2017;14:00:00;7.37500147748023
07/01/2017;15:00:00;7.3953793475785
07/01/2017;16:00:00;7.31377741417488
07/01/2017;17:00:00;7.29965400336903
07/01/2017;18:00:00;7.38323797294015
07/01/2017;19:00:00;7.41668729456475
07/01/2017;20:00:00;7.37716503299177
07/01/2017;21:00:00;7.25212001239067
07/01/2017;22:00:00;7.22371955004977
07/01/2017;23:00:00;7.32921703498273
07/02/2017;00:00:00;7.20893862171701
07/02/2017;01:00:00;7.30097259570243
07/02/2017;02:00:00;7.29152151895868
07/02/2017;03:00:00;7.23722175357843
07/02/2017;04:00:00;7.23052178872855
07/02/2017;05:00:00;7.19895884871101
07/02/2017;06:00:00;7.2117155217762
07/02/2017;07:00:00;7.17676556745055
07/02/2017;08:00:00;7.1804971307834
07/02/2017;09:00:00;7.20423774163192
07/02/2017;10:00:00;7.23446300502237
07/02/2017;11:00:00;7.29710633493758
07/02/2017;12:00:00;7.29966266128087
07/02/2017;13:00:00;7.3169789746925
07/02/2017;14:00:00;7.34528279683212
07/02/2017;15:00:00;7.32816794887823
07/02/2017;16:00:00;7.33721285567229
07/02/2017;17:00:00;7.28610517438455
07/02/2017;18:00:00;7.27695648406842
07/02/2017;19:00:00;7.27557639192383
07/02/2017;20:00:00;7.30038162281193
07/02/2017;21:00:00;7.23229707736745
07/02/2017;22:00:00;7.2556551655234
07/02/2017;23:00:00;7.2555983439015
07/03/2017;00:00:00;7.26206843116543
07/03/2017;01:00:00;7.23590825064422
07/03/2017;02:00:00;7.22817630068
07/03/2017;03:00:00;7.22087817374843
07/03/2017;04:00:00;7.21283370754948
07/03/2017;05:00:00;7.20147987950269
07/03/2017;06:00:00;7.1873174580811
07/03/2017;07:00:00;7.17089869717212
07/03/2017;08:00:00;7.17704704115265
07/03/2017;09:00:00;7.18733277979113
07/03/2017;10:00:00;7.17833835593931
07/03/2017;11:00:00;7.14659945536957
07/03/2017;12:00:00;7.09430255372448
07/03/2017;13:00:00;6.86200805654407
07/03/2017;14:00:00;7.20263963907266
07/03/2017;15:00:00;7.17444394819287
07/03/2017;16:00:00;7.17545926075199
07/03/2017;17:00:00;7.20292029604635
07/03/2017;18:00:00;7.20446154682299
07/03/2017;19:00:00;7.21494293203583
07/03/2017;20:00:00;7.23324424688632
07/03/2017;21:00:00;7.15448450748876
07/03/2017;22:00:00;7.16479433257211
07/03/2017;23:00:00;7.14868910454584
07/04/2017;00:00:00;7.14395598226962
07/04/2017;01:00:00;7.13249428838735
07/04/2017;02:00:00;7.13814342400223
07/04/2017;03:00:00;7.10790225889327
07/04/2017;04:00:00;7.07870290096725
07/04/2017;05:00:00;7.11931607787026
07/04/2017;06:00:00;7.16371967936038
07/04/2017;07:00:00;7.19367792021697
07/04/2017;08:00:00;7.2303441543716
07/04/2017;09:00:00;7.23430482117791
07/04/2017;10:00:00;7.27736105766702
07/04/2017;11:00:00;7.31943309682177
07/04/2017;12:00:00;7.22312063817212
07/04/2017;13:00:00;7.2351867306266
07/04/2017;14:00:00;7.21547212810301
07/04/2017;15:00:00;7.18910776940436
07/04/2017;16:00:00;7.15951872878388
07/04/2017;17:00:00;7.16634768379733
07/04/2017;18:00:00;7.17667130817353
07/04/2017;19:00:00;7.17725874461128
07/04/2017;20:00:00;7.17800227885841
07/04/2017;21:00:00;7.16121234690664
07/04/2017;22:00:00;7.17443157419842
07/04/2017;23:00:00;7.15789656057694
07/05/2017;00:00:00;7.11912630983711
07/05/2017;01:00:00;7.12465778976792
07/05/2017;02:00:00;7.11438620536303
07/05/2017;03:00:00;7.10602792899932
07/05/2017;04:00:00;7.09397891823879
07/05/2017;05:00:00;7.11376346574503
07/05/2017;06:00:00;7.11982362167536
07/05/2017;07:00:00;7.1243311823321
07/05/2017;08:00:00;7.18848865677751
07/05/2017;09:00:00;7.21716845369921
07/05/2017;10:00:00;7.19199451756828
07/05/2017;11:00:00;7.10632859824804
07/05/2017;12:00:00;7.23265407123911
07/05/2017;13:00:00;7.17206606198576
07/05/2017;14:00:00;7.23118486752855
07/05/2017;15:00:00;7.20768400974921
07/05/2017;16:00:00;7.25663155393162
07/05/2017;17:00:00;7.32326076181881
07/05/2017;18:00:00;7.30685442163352
07/05/2017;19:00:00;7.28033539098214
07/05/2017;20:00:00;7.29454039273688
07/05/2017;21:00:00;7.35556216617809
07/05/2017;22:00:00;7.32166234336589
07/05/2017;23:00:00;7.28751791851033
07/06/2017;00:00:00;7.2706243924709
07/06/2017;01:00:00;7.23883505226069
07/06/2017;02:00:00;7.30566955671075
07/06/2017;03:00:00;7.19783054065409
07/06/2017;04:00:00;7.20596492400907
07/06/2017;05:00:00;7.2907320850185
07/06/2017;06:00:00;7.26676117396926
07/06/2017;07:00:00;7.3105350970219
07/06/2017;08:00:00;7.32016561376691
07/06/2017;09:00:00;7.30857949258405
07/06/2017;10:00:00;7.34534136325171
07/06/2017;11:00:00;7.38704924263418
07/06/2017;12:00:00;7.82090635031728
07/06/2017;13:00:00;7.7838110905273
07/06/2017;14:00:00;7.60996553091144
07/06/2017;15:00:00;7.74991128177754
07/06/2017;16:00:00;7.6842918296776
07/06/2017;17:00:00;7.61976588186372
07/06/2017;18:00:00;7.66532257466499
07/06/2017;19:00:00;7.65378488277453
07/06/2017;20:00:00;7.65613431663199
07/06/2017;21:00:00;7.65961201986351
07/06/2017;22:00:00;7.70403607056789
07/06/2017;23:00:00;7.72349834486744
07/07/2017;00:00:00;7.68839210557137
07/07/2017;01:00:00;7.70516250137943
07/07/2017;02:00:00;7.69044386873905
07/07/2017;03:00:00;7.63361845682488
07/07/2017;04:00:00;7.58146169030497
07/07/2017;05:00:00;7.58949783355698
07/07/2017;06:00:00;7.6490481619659
07/07/2017;07:00:00;7.64133879211585
07/07/2017;08:00:00;7.69733598850443
07/07/2017;09:00:00;7.75879966334917
07/07/2017;10:00:00;7.66034888078175
07/07/2017;11:00:00;7.7781812731809
07/07/2017;12:00:00;7.74669215868604
07/07/2017;13:00:00;7.76449838794404
07/07/2017;14:00:00;7.81308451146856
07/07/2017;15:00:00;7.788427944849
07/07/2017;16:00:00;7.77730862150189
07/07/2017;17:00:00;7.78981251647171
07/07/2017;18:00:00;7.77467679145896
07/07/2017;19:00:00;7.79163003970099
07/07/2017;20:00:00;7.75900946549528
07/07/2017;21:00:00;7.73956845003361
07/07/2017;22:00:00;7.76345266904598
07/07/2017;23:00:00;7.7295374420972
07/08/2017;00:00:00;7.73082957453025
07/08/2017;01:00:00;7.73936519327805
07/08/2017;02:00:00;7.70740859832632
07/08/2017;03:00:00;7.76746355356266
07/08/2017;04:00:00;7.77898183471601
07/08/2017;05:00:00;7.77322070014938
07/08/2017;06:00:00;7.85256055820309
07/08/2017;07:00:00;7.8718789120604
07/08/2017;08:00:00;7.85519235142456
07/08/2017;09:00:00;7.86786685842902
07/08/2017;10:00:00;7.94318778980035
07/08/2017;11:00:00;7.97796472145669
07/08/2017;12:00:00;8.00342010640123
07/08/2017;13:00:00;8.04430722010916
07/08/2017;14:00:00;8.00303432291776
07/08/2017;15:00:00;8.0080214908035
07/08/2017;16:00:00;7.97834029622662
07/08/2017;17:00:00;7.95591308531264
07/08/2017;18:00:00;7.90637871371992
07/08/2017;19:00:00;7.93709503145182
07/08/2017;20:00:00;7.94502112138329
07/08/2017;21:00:00;7.92581264431356
07/08/2017;22:00:00;7.90207444864678
07/08/2017;23:00:00;7.86639035215506
07/09/2017;00:00:00;7.82809041568725
07/09/2017;01:00:00;7.801634232616
07/09/2017;02:00:00;7.80152079292437
07/09/2017;03:00:00;7.80929913718662
07/09/2017;04:00:00;7.79648685181468
07/09/2017;05:00:00;7.75627932317972
07/09/2017;06:00:00;7.82294535941504
07/09/2017;07:00:00;7.86965264826713
07/09/2017;08:00:00;7.88358590433688
07/09/2017;09:00:00;7.83544960649431
07/09/2017;10:00:00;7.67112169700726
07/09/2017;11:00:00;7.56693014320972
07/09/2017;12:00:00;7.58640382983403
07/09/2017;13:00:00;7.7481077264313
07/09/2017;14:00:00;8.07721152143158
07/09/2017;15:00:00;8.36670014050153
07/09/2017;16:00:00;8.60009645119407
07/09/2017;17:00:00;8.77206862602586
07/09/2017;18:00:00;8.82575325843862
07/09/2017;19:00:00;8.85454264296997
07/09/2017;20:00:00;8.87494066435924
07/09/2017;21:00:00;8.68392143027658
07/09/2017;22:00:00;8.6726986339824
07/09/2017;23:00:00;8.66716106721029
07/10/2017;00:00:00;8.64049276043279
07/10/2017;01:00:00;8.56486841131307
07/10/2017;02:00:00;8.45974158934305
07/10/2017;03:00:00;8.47687743968532
07/10/2017;04:00:00;8.47551992140803
07/10/2017;05:00:00;8.48824310939244
07/10/2017;06:00:00;8.6899393616273
07/10/2017;07:00:00;8.95935335129282
07/10/2017;08:00:00;8.91755464884842
07/10/2017;09:00:00;9.04573487939686
07/10/2017;10:00:00;9.05326132852097
07/10/2017;11:00:00;9.10876039507904
07/10/2017;12:00:00;8.87330174782639
07/10/2017;13:00:00;8.62234939076632
07/10/2017;14:00:00;8.7972704410726
07/10/2017;15:00:00;8.69763680296698
07/10/2017;16:00:00;8.65965827084204
07/10/2017;17:00:00;8.842283000104
07/10/2017;18:00:00;8.78784822593089
07/10/2017;19:00:00;8.55143745387574
07/10/2017;20:00:00;8.33614898210413
07/10/2017;21:00:00;8.36153201840223
07/10/2017;22:00:00;8.36937873919413
07/10/2017;23:00:00;8.40567332151388
07/11/2017;00:00:00;8.32670254805594
07/11/2017;01:00:00;8.36640042229005
07/11/2017;02:00:00;8.35768135476871
07/11/2017;03:00:00;8.30932991652143
07/11/2017;04:00:00;8.26245223349354
07/11/2017;05:00:00;8.21730105227117
07/11/2017;06:00:00;8.27732243449809
07/11/2017;07:00:00;8.32353918035122
07/11/2017;08:00:00;8.39290064776577
07/11/2017;09:00:00;8.30036457650887
07/11/2017;10:00:00;8.32523324177437
07/11/2017;11:00:00;8.38839729808086
07/11/2017;12:00:00;8.2247967744868
07/11/2017;13:00:00;8.14849586540178
07/11/2017;14:00:00;8.10625827561338
07/11/2017;15:00:00;8.15057076449086
07/11/2017;16:00:00;8.14684252184428
07/11/2017;17:00:00;8.11206775133067
07/11/2017;18:00:00;8.06479003490949
07/11/2017;19:00:00;8.10491589477638
07/11/2017;20:00:00;8.09392599575685
07/11/2017;21:00:00;8.11084320166899
07/11/2017;22:00:00;8.08094127404773
07/11/2017;23:00:00;8.07232826517091
07/12/2017;00:00:00;8.09166918458943
07/12/2017;01:00:00;8.13758791113998
07/12/2017;02:00:00;8.07943698573005
07/12/2017;03:00:00;8.03952954656003
07/12/2017;04:00:00;8.07548272228774
07/12/2017;05:00:00;8.15243862298863
07/12/2017;06:00:00;8.14733950022151
07/12/2017;07:00:00;8.21804245071589
07/12/2017;08:00:00;8.20769094529667
07/12/2017;09:00:00;8.28001823918273
07/12/2017;10:00:00;8.3414179285011
07/12/2017;11:00:00;8.30276986618323
07/12/2017;12:00:00;8.35738276900759
07/12/2017;13:00:00;8.35035010202645
07/12/2017;14:00:00;8.32725165716191
07/12/2017;15:00:00;8.34351230532864
07/12/2017;16:00:00;8.34564805939105
07/12/2017;17:00:00;8.31320602999788
07/12/2017;18:00:00;8.28905285266316
07/12/2017;19:00:00;8.27275503174224
07/12/2017;20:00:00;8.16088720306992
07/12/2017;21:00:00;8.11035787684165
07/12/2017;22:00:00;8.10346866166349
07/12/2017;23:00:00;8.08502501273594
07/13/2017;00:00:00;8.11270115713462
07/13/2017;01:00:00;8.10303435935173
07/13/2017;02:00:00;8.11175056185489
07/13/2017;03:00:00;8.11248401898186
07/13/2017;04:00:00;8.02184490618717
07/13/2017;05:00:00;7.94979565090939
07/13/2017;06:00:00;7.8942375168148
07/13/2017;07:00:00;7.82161381661397
07/13/2017;08:00:00;7.75423549518045
07/13/2017;09:00:00;7.7384429944723
07/13/2017;10:00:00;7.76670773713575
07/13/2017;11:00:00;7.82341679345229
07/13/2017;12:00:00;7.88774112155168
07/13/2017;13:00:00;7.92563514339326
07/13/2017;14:00:00;7.92375058394131
07/13/2017;15:00:00;7.96276206923485
07/13/2017;16:00:00;8.02220270164417
07/13/2017;17:00:00;8.07033475352369
07/13/2017;18:00:00;8.15354391996932
07/13/2017;19:00:00;8.18457611491412
07/13/2017;20:00:00;8.15989270216892
07/13/2017;21:00:00;8.10883652725286
07/13/2017;22:00:00;8.08575883364957
07/13/2017;23:00:00;8.0353171091673
07/14/2017;00:00:00;7.99649884568224
07/14/2017;01:00:00;7.98159365558336
07/14/2017;02:00:00;7.91689853700939
07/14/2017;03:00:00;7.9224050784735
07/14/2017;04:00:00;7.92852920344027
07/14/2017;05:00:00;7.89878852512917
07/14/2017;06:00:00;7.91053712586965
07/14/2017;07:00:00;7.97276506573076
07/14/2017;08:00:00;7.98057199240094
07/14/2017;09:00:00;7.87587163950157
07/14/2017;10:00:00;7.64606639744237
07/14/2017;11:00:00;7.56107724207674
07/14/2017;12:00:00;7.55702451100241
07/14/2017;13:00:00;7.6856455072464
07/14/2017;14:00:00;7.70995302601074
07/14/2017;15:00:00;7.74643212537115
07/14/2017;16:00:00;7.73626038824987
07/14/2017;17:00:00;7.74019718680424
07/14/2017;18:00:00;7.70635550531045
07/14/2017;19:00:00;7.78793967287163
07/14/2017;20:00:00;7.7909949658472
07/14/2017;21:00:00;7.74948228802699
07/14/2017;22:00:00;7.73413460423461
07/14/2017;23:00:00;7.78158066102402
07/15/2017;00:00:00;7.73040980648716
07/15/2017;01:00:00;7.73517600545445
07/15/2017;02:00:00;7.72101324509671
07/15/2017;03:00:00;7.70035603902888
07/15/2017;04:00:00;7.67866683819358
07/15/2017;05:00:00;7.67979149944564
07/15/2017;06:00:00;7.69295518602154
07/15/2017;07:00:00;7.74614674450003
07/15/2017;08:00:00;7.77110287865569
07/15/2017;09:00:00;7.82586911893173
07/15/2017;10:00:00;7.7625888445611
07/15/2017;11:00:00;7.78512377802377
07/15/2017;12:00:00;7.70723915398201
07/15/2017;13:00:00;7.59011882468281
07/15/2017;14:00:00;7.47949533844347
07/15/2017;15:00:00;7.47419475827608
07/15/2017;16:00:00;7.43592628473496
07/15/2017;17:00:00;7.44189667508581
07/15/2017;18:00:00;7.4590734058822
07/15/2017;19:00:00;7.48430229864374
07/15/2017;20:00:00;7.47320069488802
07/15/2017;21:00:00;7.46933389536639
07/15/2017;22:00:00;7.47035062409695
07/15/2017;23:00:00;7.44477866100625
07/16/2017;00:00:00;7.41069044232956
07/16/2017;01:00:00;7.42017652818347
07/16/2017;02:00:00;7.43092337605235
07/16/2017;03:00:00;7.43267217107589
07/16/2017;04:00:00;7.34578850556357
07/16/2017;05:00:00;7.34747395786327
07/16/2017;06:00:00;7.40023121464657
07/16/2017;07:00:00;7.49272163681113
07/16/2017;08:00:00;7.54632517540917
07/16/2017;09:00:00;7.55592601610454
07/16/2017;10:00:00;7.59021526144462
07/16/2017;11:00:00;7.55472520696519
07/16/2017;12:00:00;7.35075053167413
07/16/2017;13:00:00;7.38566770249555
07/16/2017;14:00:00;7.36538662496698
07/16/2017;15:00:00;7.4056194094838
07/16/2017;16:00:00;7.39149001755086
07/16/2017;17:00:00;7.38609519034205
07/16/2017;18:00:00;7.38741620686026
07/16/2017;19:00:00;7.37778551292628
07/16/2017;20:00:00;7.37938568488127
07/16/2017;21:00:00;7.35633331281981
07/16/2017;22:00:00;7.34763038608734
07/16/2017;23:00:00;7.34136203856031
07/17/2017;00:00:00;7.3193303669982
07/17/2017;01:00:00;7.31678411183793
07/17/2017;02:00:00;7.33503178716841
07/17/2017;03:00:00;7.28641243000534
07/17/2017;04:00:00;7.36758244831763
07/17/2017;05:00:00;7.36665525323053
07/17/2017;06:00:00;7.32903846652131
07/17/2017;07:00:00;7.32372841247625
07/17/2017;08:00:00;7.37556227417527
07/17/2017;09:00:00;7.32716568018813
07/17/2017;10:00:00;7.38137982885316
07/17/2017;11:00:00;7.42275303643
07/17/2017;12:00:00;7.41326020812154
07/17/2017;13:00:00;7.38394314593892
07/17/2017;14:00:00;7.36924608488933
07/17/2017;15:00:00;7.36696192889192
07/17/2017;16:00:00;7.34730357023926
07/17/2017;17:00:00;7.31709424660085
07/17/2017;18:00:00;7.36252770534207
07/17/2017;19:00:00;7.32316898934041
07/17/2017;20:00:00;7.25060789775572
07/17/2017;21:00:00;7.18210494232529
07/17/2017;22:00:00;7.18174932061253
07/17/2017;23:00:00;7.15379187883443
07/18/2017;00:00:00;7.11780678734817
07/18/2017;01:00:00;7.10993098810527
07/18/2017;02:00:00;7.10715683006344
07/18/2017;03:00:00;7.09340429522652
07/18/2017;04:00:00;7.07686798989428
07/18/2017;05:00:00;7.08177324803922
07/18/2017;06:00:00;7.11693394065142
07/18/2017;07:00:00;7.12652455686912
07/18/2017;08:00:00;7.15007996178865
07/18/2017;09:00:00;7.1745480438095
07/18/2017;10:00:00;7.19342203104735
07/18/2017;11:00:00;7.20450722067404
07/18/2017;12:00:00;7.25023306578806
07/18/2017;13:00:00;7.22972299053545
07/18/2017;14:00:00;7.24178919284358
07/18/2017;15:00:00;7.26244557283062
07/18/2017;16:00:00;7.29462333614314
07/18/2017;17:00:00;7.31379294474523
07/18/2017;18:00:00;7.33039644601161
07/18/2017;19:00:00;7.32078034859647
07/18/2017;20:00:00;7.25077031528431
07/18/2017;21:00:00;7.2381185576653
07/18/2017;22:00:00;7.27072486615172
07/18/2017;23:00:00;7.26499116236825
07/19/2017;00:00:00;7.24461942134811
07/19/2017;01:00:00;7.21450604786999
07/19/2017;02:00:00;7.24303484406889
07/19/2017;03:00:00;7.22489692827442
07/19/2017;04:00:00;7.12478044075238
07/19/2017;05:00:00;7.1002924657913
07/19/2017;06:00:00;7.16364482471216
07/19/2017;07:00:00;7.24639051046224
07/19/2017;08:00:00;7.26760487827377
07/19/2017;09:00:00;7.33983716507115
07/19/2017;10:00:00;7.38476636009119
07/19/2017;11:00:00;7.38674486394168
07/19/2017;12:00:00;7.41316254116503
07/19/2017;13:00:00;7.44682917729491
07/19/2017;14:00:00;7.42670527092414
07/19/2017;15:00:00;7.46704162326784
07/19/2017;16:00:00;7.49263426517417
07/19/2017;17:00:00;7.49236626760312
07/19/2017;18:00:00;7.48974542729467
07/19/2017;19:00:00;7.48884786140803
07/19/2017;20:00:00;7.43940516274831
07/19/2017;21:00:00;7.38871748088247
07/19/2017;22:00:00;7.39655919568929
07/19/2017;23:00:00;7.37735738670642
07/20/2017;00:00:00;7.29445373678794
07/20/2017;01:00:00;7.31074056186406
07/20/2017;02:00:00;7.17983446893772
07/20/2017;03:00:00;7.17823432401638
07/20/2017;04:00:00;7.17555948516619
07/20/2017;05:00:00;7.18623158164185
07/20/2017;06:00:00;7.24436067378794
07/20/2017;07:00:00;7.40114474273024
07/20/2017;08:00:00;7.50212991496797
07/20/2017;09:00:00;7.4757867958203
07/20/2017;10:00:00;7.49203114935065
07/20/2017;11:00:00;7.50727073853533
07/20/2017;12:00:00;7.54187473684506
07/20/2017;13:00:00;7.54499601722269
07/20/2017;14:00:00;7.66601411763827
07/20/2017;15:00:00;7.5571895727706
07/20/2017;16:00:00;7.58249970814476
07/20/2017;17:00:00;7.58163944556146
07/20/2017;18:00:00;7.55580645206438
07/20/2017;19:00:00;7.54497603747828
07/20/2017;20:00:00;7.52888646911961
07/20/2017;21:00:00;7.61418081839147
07/20/2017;22:00:00;7.56158647583585
07/20/2017;23:00:00;7.54214390734115
07/21/2017;00:00:00;7.50949910778068
07/21/2017;01:00:00;7.50058638976086
07/21/2017;02:00:00;7.38650288363228
07/21/2017;03:00:00;7.35182958132039
07/21/2017;04:00:00;7.32939001007632
07/21/2017;05:00:00;7.3483175870135
07/21/2017;06:00:00;7.35023174114449
07/21/2017;07:00:00;7.44702702991927
07/21/2017;08:00:00;7.52900526021965
07/21/2017;09:00:00;7.60982193795569
07/21/2017;10:00:00;7.69111122907831
07/21/2017;11:00:00;7.67191381006808
07/21/2017;12:00:00;7.70415677850348
07/21/2017;13:00:00;7.78504451753747
07/21/2017;14:00:00;7.79643978326891
07/21/2017;15:00:00;7.8738744038972
07/21/2017;16:00:00;7.81554392513477
07/21/2017;17:00:00;7.81747262971404
07/21/2017;18:00:00;7.8604400611866
07/21/2017;19:00:00;7.8219354896075
07/21/2017;20:00:00;7.82682393284591
07/21/2017;21:00:00;7.85130541237616
07/21/2017;22:00:00;7.83605673051448
07/21/2017;23:00:00;7.70650867588858
07/22/2017;00:00:00;7.64756595552581
07/22/2017;01:00:00;7.60004960177716
07/22/2017;02:00:00;7.52998780007279
07/22/2017;03:00:00;7.50898133214716
07/22/2017;04:00:00;7.46128102598249
07/22/2017;05:00:00;7.44219845165359
07/22/2017;06:00:00;7.55368396437047
07/22/2017;07:00:00;7.51543950388647
07/22/2017;08:00:00;7.58424329326629
07/22/2017;09:00:00;7.6653086703694
07/22/2017;10:00:00;7.66532744283465
07/22/2017;11:00:00;7.67865094915635
07/22/2017;12:00:00;7.70610765738813
07/22/2017;13:00:00;7.68562262046292
07/22/2017;14:00:00;7.70389113387897
07/22/2017;15:00:00;7.80661746004332
07/22/2017;16:00:00;7.83004027455206
07/22/2017;17:00:00;7.81937897963316
07/22/2017;18:00:00;7.84975363879666
07/22/2017;19:00:00;7.84578213734212
07/22/2017;20:00:00;7.79147437807862
07/22/2017;21:00:00;7.73004989484733
07/22/2017;22:00:00;7.67939529976835
07/22/2017;23:00:00;7.66883525887388
07/23/2017;00:00:00;7.59580834730757
07/23/2017;01:00:00;7.60392962147468
07/23/2017;02:00:00;7.61183344367123
07/23/2017;03:00:00;7.60890604299377
07/23/2017;04:00:00;7.63202781126159
07/23/2017;05:00:00;7.60163681726826
07/23/2017;06:00:00;7.61061963654185
07/23/2017;07:00:00;7.61232772599316
07/23/2017;08:00:00;7.65286972728804
07/23/2017;09:00:00;7.71080489676907
07/23/2017;10:00:00;7.76412899938855
07/23/2017;11:00:00;7.84694747939315
07/23/2017;12:00:00;7.91476695199569
07/23/2017;13:00:00;7.99032788346556
07/23/2017;14:00:00;8.00765849628795
07/23/2017;15:00:00;8.00201764796828
07/23/2017;16:00:00;7.91513157098824
07/23/2017;17:00:00;7.77463062435283
07/23/2017;18:00:00;7.73973995471342
07/23/2017;19:00:00;7.73960945393338
07/23/2017;20:00:00;7.76705401217575
07/23/2017;21:00:00;7.73583112313348
07/23/2017;22:00:00;7.67558355571232
07/23/2017;23:00:00;7.70276737702702
07/24/2017;00:00:00;7.66698275541429
07/24/2017;01:00:00;7.65833526024127
07/24/2017;02:00:00;7.63546969586115
07/24/2017;03:00:00;7.62712881770814
07/24/2017;04:00:00;7.54771381088737
07/24/2017;05:00:00;7.55647730649349
07/24/2017;06:00:00;7.56015578537831
07/24/2017;07:00:00;7.47379628175882
07/24/2017;08:00:00;7.46495597506486
07/24/2017;09:00:00;7.41278175306107
07/24/2017;10:00:00;7.45007269846014
07/24/2017;11:00:00;7.47047103509464
07/24/2017;12:00:00;7.45368600842163
07/24/2017;13:00:00;7.51114306241234
07/24/2017;14:00:00;7.50268830737262
07/24/2017;15:00:00;7.49945478920914
07/24/2017;16:00:00;7.46586884837671
07/24/2017;17:00:00;7.46181600845689
07/24/2017;18:00:00;7.47640965749062
07/24/2017;19:00:00;7.49492683380873
07/24/2017;20:00:00;7.44490103932407
07/24/2017;21:00:00;7.49682665453139
07/24/2017;22:00:00;7.47314688079571
07/24/2017;23:00:00;7.43977082422993
07/25/2017;00:00:00;7.42614181769048
07/25/2017;01:00:00;7.43434998860741
07/25/2017;02:00:00;7.43897298447856
07/25/2017;03:00:00;7.43486337354623
07/25/2017;04:00:00;7.4141520203668
07/25/2017;05:00:00;7.39883364698948
07/25/2017;06:00:00;7.42007243733572
07/25/2017;07:00:00;7.45557190099354
07/25/2017;08:00:00;7.5010965008752
07/25/2017;09:00:00;7.55109795847198
07/25/2017;10:00:00;7.55814612623423
07/25/2017;11:00:00;7.50508065776778
07/25/2017;12:00:00;7.50482118028851
07/25/2017;13:00:00;7.50843955268777
07/25/2017;14:00:00;7.45993139727031
07/25/2017;15:00:00;7.4033520437394
07/25/2017;16:00:00;7.44281166292811
07/25/2017;17:00:00;7.41769827541049
07/25/2017;18:00:00;7.37437038221861
07/25/2017;19:00:00;7.3169943865447
07/25/2017;20:00:00;7.26995063174177
07/25/2017;21:00:00;7.26968035174269
07/25/2017;22:00:00;7.27126646417428
07/25/2017;23:00:00;7.26873807346978
07/26/2017;00:00:00;7.21830489976002
07/26/2017;01:00:00;7.22581611915737
07/26/2017;02:00:00;7.22423628657582
07/26/2017;03:00:00;7.18317139829699
07/26/2017;04:00:00;7.19113519286902
07/26/2017;05:00:00;7.20148948216343
07/26/2017;06:00:00;7.2011670301689
07/26/2017;07:00:00;7.18628850127826
07/26/2017;08:00:00;7.18628993293174
07/26/2017;09:00:00;7.20706682721056
07/26/2017;10:00:00;7.22357255374228
07/26/2017;11:00:00;7.19542161282554
07/26/2017;12:00:00;7.25840895583368
07/26/2017;13:00:00;7.36211911060421
07/26/2017;14:00:00;7.33903044675141
07/26/2017;15:00:00;7.33015480210176
07/26/2017;16:00:00;7.32051865406321
07/26/2017;17:00:00;7.34953335083839
07/26/2017;18:00:00;7.37118118446275
07/26/2017;19:00:00;7.288612711232
07/26/2017;20:00:00;7.26018489245809
07/26/2017;21:00:00;7.26302834497061
07/26/2017;22:00:00;7.26061105087123
07/26/2017;23:00:00;7.28588873003461
07/27/2017;00:00:00;7.26202432121831
07/27/2017;01:00:00;7.23603211593449
07/27/2017;02:00:00;7.19716792877381
07/27/2017;03:00:00;7.16018282638584
07/27/2017;04:00:00;7.15015389922522
07/27/2017;05:00:00;7.15969439242003
07/27/2017;06:00:00;7.18871159609126
07/27/2017;07:00:00;7.1884780480488
07/27/2017;08:00:00;7.22797199118966
07/27/2017;09:00:00;7.40504503965097
07/27/2017;10:00:00;7.44593428100297
07/27/2017;11:00:00;7.42850317681925
07/27/2017;12:00:00;7.4357800575041
07/27/2017;13:00:00;7.46423922205019
07/27/2017;14:00:00;7.45945199583487
07/27/2017;15:00:00;7.4477434734212
07/27/2017;16:00:00;7.44237067055851
07/27/2017;17:00:00;7.45021455253909
07/27/2017;18:00:00;7.39713649735661
07/27/2017;19:00:00;7.31954980013129
07/27/2017;20:00:00;7.34987755472932
07/27/2017;21:00:00;7.36195977412612
07/27/2017;22:00:00;7.3038604310561
07/27/2017;23:00:00;7.29987962537533
07/28/2017;00:00:00;7.23193334645246
07/28/2017;01:00:00;7.24241349043751
07/28/2017;02:00:00;7.2566641295413
07/28/2017;03:00:00;7.26226692599325
07/28/2017;04:00:00;7.24199814039306
07/28/2017;05:00:00;7.24798600984058
07/28/2017;06:00:00;7.25612521762591
07/28/2017;07:00:00;7.34823171515736
07/28/2017;08:00:00;7.40471748804333
07/28/2017;09:00:00;7.52062595543908
07/28/2017;10:00:00;7.49841793407044
07/28/2017;11:00:00;7.47390287398808
07/28/2017;12:00:00;7.47032744195937
07/28/2017;13:00:00;7.43065707880333
07/28/2017;14:00:00;7.37740221892062
07/28/2017;15:00:00;7.46633578333312
07/28/2017;16:00:00;7.51091999561027
07/28/2017;17:00:00;7.44557990394093
07/28/2017;18:00:00;7.31527986272353
07/28/2017;19:00:00;7.25827029345377
07/28/2017;20:00:00;7.22400852851733
07/28/2017;21:00:00;7.20822602330056
07/28/2017;22:00:00;7.23835968620592
07/28/2017;23:00:00;7.17212262158362
07/29/2017;00:00:00;7.16978779625826
07/29/2017;01:00:00;7.14783547417307
07/29/2017;02:00:00;7.14578134493535
07/29/2017;03:00:00;7.09941824661629
07/29/2017;04:00:00;7.05359502086147
07/29/2017;05:00:00;7.06529796279677
07/29/2017;06:00:00;7.07537296707086
07/29/2017;07:00:00;7.09898055435498
07/29/2017;08:00:00;7.16027137420121
07/29/2017;09:00:00;7.16990499286917
07/29/2017;10:00:00;7.19964607208924
07/29/2017;11:00:00;7.26777627784159
07/29/2017;12:00:00;7.51939308674843
07/29/2017;13:00:00;7.49529170663783
07/29/2017;14:00:00;7.67770406360194
07/29/2017;15:00:00;7.69646538150542
07/29/2017;16:00:00;7.68832355193823
07/29/2017;17:00:00;7.70061091687226
07/29/2017;18:00:00;7.68695608727822
07/29/2017;19:00:00;7.73658723716636
07/29/2017;20:00:00;7.69965554246219
07/29/2017;21:00:00;7.72182241329751
07/29/2017;22:00:00;7.72572302245125
07/29/2017;23:00:00;7.70018767224718
07/30/2017;00:00:00;7.66036127820436
07/30/2017;01:00:00;7.64639527021218
07/30/2017;02:00:00;7.63349090188896
07/30/2017;03:00:00;7.60230006182942
07/30/2017;04:00:00;7.62286811341244
07/30/2017;05:00:00;7.6470405205631
07/30/2017;06:00:00;7.70941352439732
07/30/2017;07:00:00;7.78419922385722
07/30/2017;08:00:00;7.84265533311078
07/30/2017;09:00:00;7.91912052479573
07/30/2017;10:00:00;7.94018099441445
07/30/2017;11:00:00;7.90829997478614
07/30/2017;12:00:00;7.93699189163835
07/30/2017;13:00:00;8.00549204081333
07/30/2017;14:00:00;8.07998233570428
07/30/2017;15:00:00;8.13920430324847
07/30/2017;16:00:00;8.12438656854796
07/30/2017;17:00:00;8.09473962047849
07/30/2017;18:00:00;8.071023994017
07/30/2017;19:00:00;8.03645861427909
07/30/2017;20:00:00;7.9899622754288
07/30/2017;21:00:00;7.98217777821534
07/30/2017;22:00:00;7.94528121120512
07/30/2017;23:00:00;7.92649677910172
07/31/2017;00:00:00;7.90228670700385
07/31/2017;01:00:00;7.87782767483598
07/31/2017;02:00:00;7.86507475865549
07/31/2017;03:00:00;7.86487341309359
07/31/2017;04:00:00;7.87713327549946
07/31/2017;05:00:00;7.8881795477441
07/31/2017;06:00:00;7.87256023886716
07/31/2017;07:00:00;7.86437364627566
07/31/2017;08:00:00;7.89994969935031
07/31/2017;09:00:00;7.92464165296187
07/31/2017;10:00:00;8.01572774629684
07/31/2017;11:00:00;8.02870881908482
07/31/2017;12:00:00;7.99596471230263
07/31/2017;13:00:00;7.97797127029551
07/31/2017;14:00:00;7.92775387440308
07/31/2017;15:00:00;7.92662412257862
07/31/2017;16:00:00;7.91338827471263
07/31/2017;17:00:00;7.91385919876324
07/31/2017;18:00:00;7.87634004683167
07/31/2017;19:00:00;7.9319611096964
07/31/2017;20:00:00;7.90627048653224
07/31/2017;21:00:00;7.8194694283598
07/31/2017;22:00:00;7.82519723905826
07/31/2017;23:00:00;7.81133056326261
08/01/2017;00:00:00;7.77303270227919
08/01/2017;01:00:00;7.75866100817191
08/01/2017;02:00:00;7.71470378354123
08/01/2017;03:00:00;7.7016154664791
08/01/2017;04:00:00;7.70570019392709
08/01/2017;05:00:00;7.75298800008952
08/01/2017;06:00:00;7.78445375295638
08/01/2017;07:00:00;7.84141701482444
08/01/2017;08:00:00;7.89939290542977
08/01/2017;09:00:00;8.03689691929941
08/01/2017;10:00:00;8.13336990272445
08/01/2017;11:00:00;8.19669066223246
08/01/2017;12:00:00;8.22976402279452
08/01/2017;13:00:00;8.23929719783822
08/01/2017;14:00:00;8.24508811456422
08/01/2017;15:00:00;8.27147183005505
08/01/2017;16:00:00;8.31704573193606
08/01/2017;17:00:00;8.31332757405624
08/01/2017;18:00:00;8.30929470210723
08/01/2017;19:00:00;8.28937858971208
08/01/2017;20:00:00;8.24296630759408
08/01/2017;21:00:00;8.16166361895581
08/01/2017;22:00:00;8.09148359040946
08/01/2017;23:00:00;8.09658382649898
08/02/2017;00:00:00;8.0588919623806
08/02/2017;01:00:00;8.03903641315022
08/02/2017;02:00:00;8.08249424624194
08/02/2017;03:00:00;7.99701055796508
08/02/2017;04:00:00;7.79963080253887
08/02/2017;05:00:00;7.86616297935754
08/02/2017;06:00:00;7.82177462196504
08/02/2017;07:00:00;7.81965857115072
08/02/2017;08:00:00;7.86155762404762
08/02/2017;09:00:00;7.85592370974216
08/02/2017;10:00:00;7.85538249141424
08/02/2017;11:00:00;7.85650247543242
08/02/2017;12:00:00;7.90726143561225
08/02/2017;13:00:00;7.95183697648425
08/02/2017;14:00:00;7.96186055532907
08/02/2017;15:00:00;8.00782619906055
08/02/2017;16:00:00;8.02134216972524
08/02/2017;17:00:00;8.02681596259792
08/02/2017;18:00:00;7.9958589435734
08/02/2017;19:00:00;7.98777931079798
08/02/2017;20:00:00;7.95226126542989
08/02/2017;21:00:00;7.95163473035641
08/02/2017;22:00:00;7.94806836331662
08/02/2017;23:00:00;7.91683231362207
08/03/2017;00:00:00;7.90469837114794
08/03/2017;01:00:00;7.90487381534173
08/03/2017;02:00:00;7.90516010902016
08/03/2017;03:00:00;7.89374200556859
08/03/2017;04:00:00;7.8881459442075
08/03/2017;05:00:00;7.90147921875428
08/03/2017;06:00:00;7.90875381932219
08/03/2017;07:00:00;8.02842351895958
08/03/2017;08:00:00;8.11736174156058
08/03/2017;09:00:00;8.18918321259204
08/03/2017;10:00:00;8.32908857896245
08/03/2017;11:00:00;8.31299869355505
08/03/2017;12:00:00;8.38333215936269
08/03/2017;13:00:00;8.40945275688649
08/03/2017;14:00:00;8.42924826953251
08/03/2017;15:00:00;8.41050219413585
08/03/2017;16:00:00;8.39789920087038
08/03/2017;17:00:00;8.41889248192465
08/03/2017;18:00:00;8.39654420959813
08/03/2017;19:00:00;8.35786752742092
08/03/2017;20:00:00;8.35088364997847
08/03/2017;21:00:00;8.31316172425766
08/03/2017;22:00:00;8.26711435392785
08/03/2017;23:00:00;8.18387535850475
08/04/2017;00:00:00;8.20244534641705
08/04/2017;01:00:00;8.19032226619617
08/04/2017;02:00:00;8.16027194656205
08/04/2017;03:00:00;8.10899515317614
08/04/2017;04:00:00;8.08224747067767
08/04/2017;05:00:00;8.05921725455292
08/04/2017;06:00:00;8.04948692602789
08/04/2017;07:00:00;8.00347091105226
08/04/2017;08:00:00;7.9704712241162
08/04/2017;09:00:00;8.11307748228814
08/04/2017;10:00:00;8.15369707050565
08/04/2017;11:00:00;8.17746124558107
08/04/2017;12:00:00;8.2321206230316
08/04/2017;13:00:00;8.20990829195516
08/04/2017;14:00:00;8.25103516654805
08/04/2017;15:00:00;8.34416001209787
08/04/2017;16:00:00;8.31699496131681
08/04/2017;17:00:00;8.24893098591622
08/04/2017;18:00:00;8.33895763307952
08/04/2017;19:00:00;8.32358244075661
08/04/2017;20:00:00;8.27583013116695
08/04/2017;21:00:00;8.21837729057355
08/04/2017;22:00:00;8.08741556455974
08/04/2017;23:00:00;8.06890386650498
08/05/2017;00:00:00;8.03528575134305
08/05/2017;01:00:00;7.98909871782175
08/05/2017;02:00:00;7.98404296091815
08/05/2017;03:00:00;7.95632108792024
08/05/2017;04:00:00;8.00583892587461
08/05/2017;05:00:00;8.07768141933295
08/05/2017;06:00:00;8.02736263894666
08/05/2017;07:00:00;8.03639476339791
08/05/2017;08:00:00;8.02549320383628
08/05/2017;09:00:00;8.05199181609735
08/05/2017;10:00:00;8.10675500593662
08/05/2017;11:00:00;8.08554931130798
08/05/2017;12:00:00;8.11523437214582
08/05/2017;13:00:00;8.21128704799831
08/05/2017;14:00:00;8.18609029629327
08/05/2017;15:00:00;8.14553446138415
08/05/2017;16:00:00;8.17279113007917
08/05/2017;17:00:00;8.11096344846717
08/05/2017;18:00:00;8.14375969807187
08/05/2017;19:00:00;8.18075004702782
08/05/2017;20:00:00;8.20154615797837
08/05/2017;21:00:00;8.20944228083853
08/05/2017;22:00:00;8.23117604589111
08/05/2017;23:00:00;8.2078319064728
08/06/2017;00:00:00;8.18752395998794
08/06/2017;01:00:00;8.1544158694031
08/06/2017;02:00:00;8.09326393583872
08/06/2017;03:00:00;8.1233997874081
08/06/2017;04:00:00;8.17109813348358
08/06/2017;05:00:00;8.12899131853865
08/06/2017;06:00:00;8.1139726260585
08/06/2017;07:00:00;8.16073178266187
08/06/2017;08:00:00;8.17899249142213
08/06/2017;09:00:00;8.13451893891631
08/06/2017;10:00:00;8.15476309154387
08/06/2017;11:00:00;8.13239849453313
08/06/2017;12:00:00;8.17996547551134
08/06/2017;13:00:00;8.15443448999365
08/06/2017;14:00:00;8.1569930865361
08/06/2017;15:00:00;8.0800064370809
08/06/2017;16:00:00;8.07860481905153
08/06/2017;17:00:00;8.05507870899702
08/06/2017;18:00:00;8.05576934866701
08/06/2017;19:00:00;8.04188103411843
08/06/2017;20:00:00;8.03045099865888
08/06/2017;21:00:00;8.00575095268626
08/06/2017;22:00:00;7.97790384776797
08/06/2017;23:00:00;7.97014193096758
08/07/2017;00:00:00;7.96759362222357
08/07/2017;01:00:00;7.98303985206182
08/07/2017;02:00:00;7.97254913997407
08/07/2017;03:00:00;7.95799335733733
08/07/2017;04:00:00;7.96827019373822
08/07/2017;05:00:00;7.98264379817526
08/07/2017;06:00:00;7.9828543047412
08/07/2017;07:00:00;7.94539467453583
08/07/2017;08:00:00;7.90567234715081
08/07/2017;09:00:00;7.93942372197165
08/07/2017;10:00:00;7.94061538494814
08/07/2017;11:00:00;7.92231069150092
08/07/2017;12:00:00;7.93969659136325
08/07/2017;13:00:00;7.93947152232631
08/07/2017;14:00:00;7.97775453089568
08/07/2017;15:00:00;7.9697270331095
08/07/2017;16:00:00;7.96335412126903
08/07/2017;17:00:00;8.0068869391093
08/07/2017;18:00:00;8.02908370452346
08/07/2017;19:00:00;7.99272477745878
08/07/2017;20:00:00;8.00069889879277
08/07/2017;21:00:00;7.98230779758717
08/07/2017;22:00:00;7.96392406388198
08/07/2017;23:00:00;7.96497121641132
08/08/2017;00:00:00;7.9748975509594
08/08/2017;01:00:00;7.96840089737161
08/08/2017;02:00:00;7.93229529396034
08/08/2017;03:00:00;7.96679877660619
08/08/2017;04:00:00;7.93107621450246
08/08/2017;05:00:00;7.9155521931454
08/08/2017;06:00:00;7.91810984526377
08/08/2017;07:00:00;7.96111260420186
08/08/2017;08:00:00;7.97942597873032
08/08/2017;09:00:00;7.89911499213722
08/08/2017;10:00:00;7.8771869568429
08/08/2017;11:00:00;7.84900754522349
08/08/2017;12:00:00;7.93156286492408
08/08/2017;13:00:00;7.98060137572169
08/08/2017;14:00:00;8.00679658830294
08/08/2017;15:00:00;8.01504049252697
08/08/2017;16:00:00;7.98269867319592
08/08/2017;17:00:00;7.98105262582918
08/08/2017;18:00:00;7.99497624405085
08/08/2017;19:00:00;7.9700292876615
08/08/2017;20:00:00;7.83451225238323
08/08/2017;21:00:00;7.57118185358466
08/08/2017;22:00:00;7.44817414646897
08/08/2017;23:00:00;7.43560811741304
08/09/2017;00:00:00;7.42486364433263
08/09/2017;01:00:00;7.44282437121835
08/09/2017;02:00:00;7.4585482325672
08/09/2017;03:00:00;7.41668198095952
08/09/2017;04:00:00;7.4416545746501
08/09/2017;05:00:00;7.45156202907913
08/09/2017;06:00:00;7.47382148857158
08/09/2017;07:00:00;7.55725542715976
08/09/2017;08:00:00;7.65662325610342
08/09/2017;09:00:00;7.74577218940447
08/09/2017;10:00:00;7.79909645921791
08/09/2017;11:00:00;7.83653346636812
08/09/2017;12:00:00;7.94770800581437
08/09/2017;13:00:00;8.01269970754802
08/09/2017;14:00:00;8.05891616015885
08/09/2017;15:00:00;8.06203691509833
08/09/2017;16:00:00;8.12300963429082
08/09/2017;17:00:00;8.1706085994356
08/09/2017;18:00:00;8.18245268638684
08/09/2017;19:00:00;8.12016432883222
08/09/2017;20:00:00;8.11082673422494
08/09/2017;21:00:00;8.0957410502207
08/09/2017;22:00:00;8.03255000113026
08/09/2017;23:00:00;7.95106714809733
08/10/2017;00:00:00;7.96912709204501
08/10/2017;01:00:00;7.91317176319677
08/10/2017;02:00:00;7.9181443499155
08/10/2017;03:00:00;7.89206236995691
08/10/2017;04:00:00;7.91737605666528
08/10/2017;05:00:00;7.92367229402695
08/10/2017;06:00:00;7.63062551959313
08/10/2017;07:00:00;7.83590800510869
08/10/2017;08:00:00;7.81584848062816
08/10/2017;09:00:00;7.8048457418887
08/10/2017;10:00:00;7.93254758951128
08/10/2017;11:00:00;8.08663362417373
08/10/2017;12:00:00;8.17549960950306
08/10/2017;13:00:00;8.23707937064531
08/10/2017;14:00:00;8.28656218249358
08/10/2017;15:00:00;8.26359291879341
08/10/2017;16:00:00;8.25262452594327
08/10/2017;17:00:00;8.1918178981576
08/10/2017;18:00:00;8.13206675710309
08/10/2017;19:00:00;8.09454063012497
08/10/2017;20:00:00;8.02008358678038
08/10/2017;21:00:00;7.98409011321369
08/10/2017;22:00:00;7.93731550693721
08/10/2017;23:00:00;7.92153378212941
08/11/2017;00:00:00;7.91939738946433
08/11/2017;01:00:00;7.89205467337821
08/11/2017;02:00:00;7.90232172980791
08/11/2017;03:00:00;7.87409410387922
08/11/2017;04:00:00;7.91553045331625
08/11/2017;05:00:00;7.90255827106411
08/11/2017;06:00:00;7.91940768563617
08/11/2017;07:00:00;7.95359241240018
08/11/2017;08:00:00;8.05179479857986
08/11/2017;09:00:00;8.17348716001165
08/11/2017;10:00:00;8.24349372782644
08/11/2017;11:00:00;8.32288768029709
08/11/2017;12:00:00;8.33140657661509
08/11/2017;13:00:00;8.34953367510643
08/11/2017;14:00:00;8.35628396809698
08/11/2017;15:00:00;8.32923830349461
08/11/2017;16:00:00;8.31194698492094
08/11/2017;17:00:00;8.29571374216233
08/11/2017;18:00:00;8.33799061628291
08/11/2017;19:00:00;8.39773605861899
08/11/2017;20:00:00;8.43683468786697
08/11/2017;21:00:00;8.43690164912113
08/11/2017;22:00:00;8.23582529661902
08/11/2017;23:00:00;7.99261707992712
08/12/2017;00:00:00;7.88068959576894
08/12/2017;01:00:00;7.88110870954917
08/12/2017;02:00:00;7.83246916303996
08/12/2017;03:00:00;7.82980821507563
08/12/2017;04:00:00;7.81638958305117
08/12/2017;05:00:00;7.80140135264166
08/12/2017;06:00:00;7.7574497101298
08/12/2017;07:00:00;7.81003398814224
08/12/2017;08:00:00;7.72086300573311
08/12/2017;09:00:00;7.74147546642244
08/12/2017;10:00:00;7.73449227722772
08/12/2017;11:00:00;7.71549750082712
08/12/2017;12:00:00;7.7241643887484
08/12/2017;13:00:00;7.65282662141864
08/12/2017;14:00:00;7.66535533917814
08/12/2017;15:00:00;7.6715339543387
08/12/2017;16:00:00;7.63445045419313
08/12/2017;17:00:00;7.61031131255374
08/12/2017;18:00:00;7.56464002215776
08/12/2017;19:00:00;7.5423245836842
08/12/2017;20:00:00;7.56380579162404
08/12/2017;21:00:00;7.54216023802552
08/12/2017;22:00:00;7.47135639893236
08/12/2017;23:00:00;7.50043961935479
08/13/2017;00:00:00;7.49098374835594
08/13/2017;01:00:00;7.48851511739296
08/13/2017;02:00:00;7.49090829063024
08/13/2017;03:00:00;7.43842790989525
08/13/2017;04:00:00;7.38353446180966
08/13/2017;05:00:00;7.40492616150051
08/13/2017;06:00:00;7.4393261904365
08/13/2017;07:00:00;7.45090199643628
08/13/2017;08:00:00;7.47644587095298
08/13/2017;09:00:00;7.47291852045687
08/13/2017;10:00:00;7.51578047625823
08/13/2017;11:00:00;7.51734434031415
08/13/2017;12:00:00;7.5793918777256
08/13/2017;13:00:00;7.60799577835104
08/13/2017;14:00:00;7.59599515767795
08/13/2017;15:00:00;7.60971486966658
08/13/2017;16:00:00;7.5573025883466
08/13/2017;17:00:00;7.54818940674965
08/13/2017;18:00:00;7.6172625416431
08/13/2017;19:00:00;7.60659375560588
08/13/2017;20:00:00;7.59514943401293
08/13/2017;21:00:00;7.59048794623658
08/13/2017;22:00:00;7.57215416234198
08/13/2017;23:00:00;7.57746476075579
08/14/2017;00:00:00;7.58243017309213
08/14/2017;01:00:00;7.48703531254574
08/14/2017;02:00:00;7.49045231992894
08/14/2017;03:00:00;7.47256967351593
08/14/2017;04:00:00;7.48089901808727
08/14/2017;05:00:00;7.46372364199281
08/14/2017;06:00:00;7.42049493787414
08/14/2017;07:00:00;7.43238926478339
08/14/2017;08:00:00;7.4552178058849
08/14/2017;09:00:00;7.50863779570221
08/14/2017;10:00:00;7.50692492283206
08/14/2017;11:00:00;7.5182492141533
08/14/2017;12:00:00;7.48928881952357
08/14/2017;13:00:00;7.53396135867152
08/14/2017;14:00:00;7.55457746985129
08/14/2017;15:00:00;7.56719925926528
08/14/2017;16:00:00;7.56086657255044
08/14/2017;17:00:00;7.53801494038339
08/14/2017;18:00:00;7.46707668874318
08/14/2017;19:00:00;7.43990591729434
08/14/2017;20:00:00;7.43042365184896
08/14/2017;21:00:00;7.41586132905396
08/14/2017;22:00:00;7.4013149076503
08/14/2017;23:00:00;7.37467088721653
08/15/2017;00:00:00;7.36647042074909
08/15/2017;01:00:00;7.33082225607223
08/15/2017;02:00:00;7.31756872697894
08/15/2017;03:00:00;7.35468900045825
08/15/2017;04:00:00;7.35003333376248
08/15/2017;05:00:00;7.39283037848139
08/15/2017;06:00:00;7.41089455154303
08/15/2017;07:00:00;7.46585203554205
08/15/2017;08:00:00;7.50263592534067
08/15/2017;09:00:00;7.54169127204317
08/15/2017;10:00:00;7.5734275851683
08/15/2017;11:00:00;7.58815470132458
08/15/2017;12:00:00;7.59893815842111
08/15/2017;13:00:00;7.62834871501024
08/15/2017;14:00:00;7.656415749325
08/15/2017;15:00:00;7.69878921788806
08/15/2017;16:00:00;7.72405238810529
08/15/2017;17:00:00;7.6990208078264
08/15/2017;18:00:00;7.6508585512964
08/15/2017;19:00:00;7.63306823145191
08/15/2017;20:00:00;7.57907095464114
08/15/2017;21:00:00;7.53827332397498
08/15/2017;22:00:00;7.52239385499144
08/15/2017;23:00:00;7.51545204231934
08/16/2017;00:00:00;7.48178752444624
08/16/2017;01:00:00;7.44432763493647
08/16/2017;02:00:00;7.41332643658999
08/16/2017;03:00:00;7.40279871820318
08/16/2017;04:00:00;7.41048549687937
08/16/2017;05:00:00;7.41248746994079
08/16/2017;06:00:00;7.41434585920658
08/16/2017;07:00:00;7.40140298689766
08/16/2017;08:00:00;7.46999467057186
08/16/2017;09:00:00;7.58983903969663
08/16/2017;10:00:00;7.66250111623735
08/16/2017;11:00:00;7.70718172982433
08/16/2017;12:00:00;7.7565787244237
08/16/2017;13:00:00;7.81128621396133
08/16/2017;14:00:00;7.76305424375915
08/16/2017;15:00:00;7.81367687019388
08/16/2017;16:00:00;7.82800292104637
08/16/2017;17:00:00;7.88959735748566
08/16/2017;18:00:00;7.81342624999928
08/16/2017;19:00:00;7.75995650542296
08/16/2017;20:00:00;7.80259344837013
08/16/2017;21:00:00;7.78621656639891
08/16/2017;22:00:00;7.77900106164487
08/16/2017;23:00:00;7.74310393895191
08/17/2017;00:00:00;7.72411877250571
08/17/2017;01:00:00;7.64736656688999
08/17/2017;02:00:00;7.64309424357551
08/17/2017;03:00:00;7.65034381020505
08/17/2017;04:00:00;7.63865135392509
08/17/2017;05:00:00;7.6437027992853
08/17/2017;06:00:00;7.62497996106944
08/17/2017;07:00:00;7.61894056193148
08/17/2017;08:00:00;7.6427159995242
08/17/2017;09:00:00;7.64110200309458
08/17/2017;10:00:00;7.59373968909633
08/17/2017;11:00:00;7.58962852287981
08/17/2017;12:00:00;7.65230693006612
08/17/2017;13:00:00;7.62284103289794
08/17/2017;14:00:00;7.68652852362614
08/17/2017;15:00:00;7.69129154219467
08/17/2017;16:00:00;7.70846656953365
08/17/2017;17:00:00;7.77013593572302
08/17/2017;18:00:00;7.75554380327876
08/17/2017;19:00:00;7.71773671073761
08/17/2017;20:00:00;7.69812587271958
08/17/2017;21:00:00;7.62336125777244
08/17/2017;22:00:00;7.65111347346082
08/17/2017;23:00:00;7.69332540930436
08/18/2017;00:00:00;7.65237437336179
08/18/2017;01:00:00;7.64236856364883
08/18/2017;02:00:00;7.61311690226636
08/18/2017;03:00:00;7.61424595126952
08/18/2017;04:00:00;7.62028050986835
08/18/2017;05:00:00;7.62838897443181
08/18/2017;06:00:00;7.66420979598143
08/18/2017;07:00:00;7.70609368159474
08/18/2017;08:00:00;7.76664646124833
08/18/2017;09:00:00;7.78910210123106
08/18/2017;10:00:00;7.85700117420948
08/18/2017;11:00:00;7.90291397386354
08/18/2017;12:00:00;7.93222234281841
08/18/2017;13:00:00;8.00899703368684
08/18/2017;14:00:00;7.9635679951578
08/18/2017;15:00:00;7.98100013467284
08/18/2017;16:00:00;8.01271690953428
08/18/2017;17:00:00;8.0387934998646
08/18/2017;18:00:00;8.03084823990513
08/18/2017;19:00:00;8.0013521335485
08/18/2017;20:00:00;7.98016722920546
08/18/2017;21:00:00;7.94104491157409
08/18/2017;22:00:00;7.9080585479098
08/18/2017;23:00:00;7.84414304641467
08/19/2017;00:00:00;7.83344134845619
08/19/2017;01:00:00;7.78053689482325
08/19/2017;02:00:00;7.77976334843379
08/19/2017;03:00:00;7.79292165618126
08/19/2017;04:00:00;7.77648670284085
08/19/2017;05:00:00;7.75419196652663
08/19/2017;06:00:00;7.77713769383707
08/19/2017;07:00:00;7.75331499162334
08/19/2017;08:00:00;7.75100574193743
08/19/2017;09:00:00;7.75370394501329
08/19/2017;10:00:00;7.72966155723736
08/19/2017;11:00:00;7.65825119743916
08/19/2017;12:00:00;7.66035728137158
08/19/2017;13:00:00;7.66280133067119
08/19/2017;14:00:00;7.61022724284876
08/19/2017;15:00:00;7.62512323354366
08/19/2017;16:00:00;7.63371752641228
08/19/2017;17:00:00;7.65602841037945
08/19/2017;18:00:00;7.72802674859964
08/19/2017;19:00:00;7.69985996159094
08/19/2017;20:00:00;7.68958808229602
08/19/2017;21:00:00;7.63568638143868
08/19/2017;22:00:00;7.62360396985684
08/19/2017;23:00:00;7.60761422798865
08/20/2017;00:00:00;7.64364875250906
08/20/2017;01:00:00;7.62558001921663
08/20/2017;02:00:00;7.66101348136492
08/20/2017;03:00:00;7.61099346758883
08/20/2017;04:00:00;7.58792838343083
08/20/2017;05:00:00;7.57217135161551
08/20/2017;06:00:00;7.53246334866925
08/20/2017;07:00:00;7.53302740795143
08/20/2017;08:00:00;7.53039263569477
08/20/2017;09:00:00;7.5321554389615
08/20/2017;10:00:00;7.52092066251425
08/20/2017;11:00:00;7.52490489081601
08/20/2017;12:00:00;7.52488584351214
08/20/2017;13:00:00;7.49898575905871
08/20/2017;14:00:00;7.49957076476477
08/20/2017;15:00:00;7.47239047730437
08/20/2017;16:00:00;7.4815069302862
08/20/2017;17:00:00;7.46104337145961
08/20/2017;18:00:00;7.51689023782853
08/20/2017;19:00:00;7.45602208874397
08/20/2017;20:00:00;7.4639306863551
08/20/2017;21:00:00;7.44243428636675
08/20/2017;22:00:00;7.45868109782941
08/20/2017;23:00:00;7.44757347627158
08/21/2017;00:00:00;7.37692818054655
08/21/2017;01:00:00;7.40773982744521
08/21/2017;02:00:00;7.35347875312932
08/21/2017;03:00:00;7.35613281237813
08/21/2017;04:00:00;7.32286741883635
08/21/2017;05:00:00;7.33361421824372
08/21/2017;06:00:00;7.33623445918701
08/21/2017;07:00:00;7.32140604987133
08/21/2017;08:00:00;7.35034413647806
08/21/2017;09:00:00;7.37057884061781
08/21/2017;10:00:00;7.37371473454398
08/21/2017;11:00:00;7.44414396428933
08/21/2017;12:00:00;7.41184836781177
08/21/2017;13:00:00;7.43013465260871
08/21/2017;14:00:00;7.45104416411993
08/21/2017;15:00:00;7.43852545930911
08/21/2017;16:00:00;7.46888553741926
08/21/2017;17:00:00;7.44403960070467
08/21/2017;18:00:00;7.41702189191187
08/21/2017;19:00:00;7.42411450151254
08/21/2017;20:00:00;7.39797987634534
08/21/2017;21:00:00;7.41036925191593
08/21/2017;22:00:00;7.41501913141217
08/21/2017;23:00:00;7.44816999299205
08/22/2017;00:00:00;7.41252834660493
08/22/2017;01:00:00;7.40957382012915
08/22/2017;02:00:00;7.42448716593048
08/22/2017;03:00:00;7.40938219759443
08/22/2017;04:00:00;7.41608656344722
08/22/2017;05:00:00;7.42815609554323
08/22/2017;06:00:00;7.44209559870694
08/22/2017;07:00:00;7.39038044455306
08/22/2017;08:00:00;7.38760658890918
08/22/2017;09:00:00;7.37584291714292
08/22/2017;10:00:00;7.42238105225542
08/22/2017;11:00:00;7.39993583037758
08/22/2017;12:00:00;7.44133875569034
08/22/2017;13:00:00;7.41375492558066
08/22/2017;14:00:00;7.35385553987716
08/22/2017;15:00:00;7.35779981899919
08/22/2017;16:00:00;7.4226328226376
08/22/2017;17:00:00;7.43341761357707
08/22/2017;18:00:00;7.44048677105499
08/22/2017;19:00:00;7.40766512797719
08/22/2017;20:00:00;7.40004269329015
08/22/2017;21:00:00;7.4056848042632
08/22/2017;22:00:00;7.40561072282306
08/22/2017;23:00:00;7.40025125629602
08/23/2017;00:00:00;7.37797795904416
08/23/2017;01:00:00;7.39070386315466
08/23/2017;02:00:00;7.38067545681938
08/23/2017;03:00:00;7.37550856449757
08/23/2017;04:00:00;7.36468210311034
08/23/2017;05:00:00;7.37159270613217
08/23/2017;06:00:00;7.3960517972804
08/23/2017;07:00:00;7.42161796086768
08/23/2017;08:00:00;7.43115034454847
08/23/2017;09:00:00;7.4525106517127
08/23/2017;10:00:00;7.46172459028109
08/23/2017;11:00:00;7.50545467033059
08/23/2017;12:00:00;7.50049202672129
08/23/2017;13:00:00;7.56882357575427
08/23/2017;14:00:00;7.59084090787747
08/23/2017;15:00:00;7.63438302226406
08/23/2017;16:00:00;6.94691486613079
08/23/2017;17:00:00;7.24476355430336
08/23/2017;18:00:00;7.41358658374408
08/23/2017;19:00:00;7.56009401521857
08/23/2017;20:00:00;7.52983290299359
08/23/2017;21:00:00;7.41733952843088
08/23/2017;22:00:00;7.34815090993654
08/23/2017;23:00:00;7.34072439288393
08/24/2017;00:00:00;7.33390799675615
08/24/2017;01:00:00;7.31977644267514
08/24/2017;02:00:00;7.26977075104729
08/24/2017;03:00:00;7.26326811026741
08/24/2017;04:00:00;7.24649360518259
08/24/2017;05:00:00;7.2536225793872
08/24/2017;06:00:00;7.2326992840514
08/24/2017;07:00:00;7.24982648544133
08/24/2017;08:00:00;7.29047924942877
08/24/2017;09:00:00;7.29524316865866
08/24/2017;10:00:00;7.3236724488143
08/24/2017;11:00:00;7.33477384570272
08/24/2017;12:00:00;7.36607516809591
08/24/2017;13:00:00;7.38346519465527
08/24/2017;14:00:00;7.39074799886125
08/24/2017;15:00:00;7.44004810435016
08/24/2017;16:00:00;7.49649194342038
08/24/2017;17:00:00;7.46862745654637
08/24/2017;18:00:00;7.49209233260048
08/24/2017;19:00:00;7.47122228609982
08/24/2017;20:00:00;7.48164956261076
08/24/2017;21:00:00;7.48049057833645
08/24/2017;22:00:00;7.46805633390491
08/24/2017;23:00:00;7.44984215882968
08/25/2017;00:00:00;7.41994529006065
08/25/2017;01:00:00;7.43578089726805
08/25/2017;02:00:00;7.40937555570215
08/25/2017;03:00:00;7.38616948077055
08/25/2017;04:00:00;7.34518766496998
08/25/2017;05:00:00;7.30923615706995
08/25/2017;06:00:00;7.33567255975877
08/25/2017;07:00:00;7.38328655241099
08/25/2017;08:00:00;7.43884892649371
08/25/2017;09:00:00;7.44831669399927
08/25/2017;10:00:00;7.51736854385317
08/25/2017;11:00:00;7.53163244084692
08/25/2017;12:00:00;7.56031972911114
08/25/2017;13:00:00;7.64225178708801
08/25/2017;14:00:00;7.81514893726898
08/25/2017;15:00:00;7.85666255901766
08/25/2017;16:00:00;7.94603169201766
08/25/2017;17:00:00;7.96034365676708
08/25/2017;18:00:00;7.91656609390323
08/25/2017;19:00:00;7.87869840361383
08/25/2017;20:00:00;7.83068734308724
08/25/2017;21:00:00;7.80201610583483
08/25/2017;22:00:00;7.79391720590552
08/25/2017;23:00:00;7.82814187144819
08/26/2017;00:00:00;7.81127237581301
08/26/2017;01:00:00;7.77370034225274
08/26/2017;02:00:00;7.77387625047897
08/26/2017;03:00:00;7.78589954446221
08/26/2017;04:00:00;7.81458314444272
08/26/2017;05:00:00;7.78330137088407
08/26/2017;06:00:00;7.788818821673
08/26/2017;07:00:00;7.81189653165965
08/26/2017;08:00:00;7.85161520132763
08/26/2017;09:00:00;7.86687097173399
08/26/2017;10:00:00;7.8602918380024
08/26/2017;11:00:00;7.94302087301929
08/26/2017;12:00:00;8.00370657081515
08/26/2017;13:00:00;8.05091038280084
08/26/2017;14:00:00;8.0778786198206
08/26/2017;15:00:00;8.09723508271357
08/26/2017;16:00:00;8.03856847066704
08/26/2017;17:00:00;8.00070101985498
08/26/2017;18:00:00;7.97569157193885
08/26/2017;19:00:00;7.97307322172013
08/26/2017;20:00:00;7.95719945752964
08/26/2017;21:00:00;7.94596968285361
08/26/2017;22:00:00;7.90333347882071
08/26/2017;23:00:00;7.83986141941384
08/27/2017;00:00:00;7.87950665407474
08/27/2017;01:00:00;7.91411412343464
08/27/2017;02:00:00;7.91912707255055
08/27/2017;03:00:00;7.90809526595246
08/27/2017;04:00:00;7.93527811962833
08/27/2017;05:00:00;7.8909681005038
08/27/2017;06:00:00;7.91939915159024
08/27/2017;07:00:00;7.99220137055476
08/27/2017;08:00:00;8.10058836106912
08/27/2017;09:00:00;8.21056258526299
08/27/2017;10:00:00;8.16672499619145
08/27/2017;11:00:00;8.17560432686287
08/27/2017;12:00:00;8.19118950749566
08/27/2017;13:00:00;8.1592751421734
08/27/2017;14:00:00;8.16516258018429
08/27/2017;15:00:00;8.13411092047011
08/27/2017;16:00:00;8.08182088710475
08/27/2017;17:00:00;8.02963095843248
08/27/2017;18:00:00;7.90741200481832
08/27/2017;19:00:00;7.81453374089032
08/27/2017;20:00:00;7.8085154128165
08/27/2017;21:00:00;7.79311929179029
08/27/2017;22:00:00;7.79039089255905
08/27/2017;23:00:00;7.80238051178894
08/28/2017;00:00:00;7.78643665651633
08/28/2017;01:00:00;7.73982076209504
08/28/2017;02:00:00;7.72868894385118
08/28/2017;03:00:00;7.73953924153551
08/28/2017;04:00:00;7.74485607352163
08/28/2017;05:00:00;7.76603394644756
08/28/2017;06:00:00;7.78153063718521
08/28/2017;07:00:00;7.77625378622828
08/28/2017;08:00:00;7.78141535007406
08/28/2017;09:00:00;7.78769832594433
08/28/2017;10:00:00;7.82607236222619
08/28/2017;11:00:00;7.83869156561957
08/28/2017;12:00:00;7.85499846981155
08/28/2017;13:00:00;7.87546671241601
08/28/2017;14:00:00;7.92748701418689
08/28/2017;15:00:00;7.96817580864482
08/28/2017;16:00:00;7.97587161273017
08/28/2017;17:00:00;7.95175964809701
08/28/2017;18:00:00;7.96166142159371
08/28/2017;19:00:00;7.94062339925644
08/28/2017;20:00:00;7.8961894707929
08/28/2017;21:00:00;7.88524308213817
08/28/2017;22:00:00;7.88136362789773
08/28/2017;23:00:00;7.87395718692602
08/29/2017;00:00:00;7.80513902235765
08/29/2017;01:00:00;7.8109770566435
08/29/2017;02:00:00;7.86504297373294
08/29/2017;03:00:00;7.88938881799399
08/29/2017;04:00:00;7.89527056617731
08/29/2017;05:00:00;7.90412179351235
08/29/2017;06:00:00;7.90193884479235
08/29/2017;07:00:00;7.91051570656228
08/29/2017;08:00:00;7.94584869988414
08/29/2017;09:00:00;8.04401400111842
08/29/2017;10:00:00;8.09063497648522
08/29/2017;11:00:00;8.0373744875235
08/29/2017;12:00:00;8.09072328760669
08/29/2017;13:00:00;8.08218894297855
08/29/2017;14:00:00;8.11586272989977
08/29/2017;15:00:00;8.12005826744329
08/29/2017;16:00:00;8.10318148752545
08/29/2017;17:00:00;8.06479312021033
08/29/2017;18:00:00;7.99049376320241
08/29/2017;19:00:00;7.92770146876908
08/29/2017;20:00:00;7.87262898103785
08/29/2017;21:00:00;7.84427015802443
08/29/2017;22:00:00;7.81392189815095
08/29/2017;23:00:00;7.8143442395254
08/30/2017;00:00:00;7.77255349607983
08/30/2017;01:00:00;7.78664262310637
08/30/2017;02:00:00;7.77523097866221
08/30/2017;03:00:00;7.78467297764027
08/30/2017;04:00:00;7.82392732406663
08/30/2017;05:00:00;7.75116288754501
08/30/2017;06:00:00;7.73670900950395
08/30/2017;07:00:00;7.72906841024164
08/30/2017;08:00:00;7.81246353234261
08/30/2017;09:00:00;7.92131355431417
08/30/2017;10:00:00;8.03806016500521
08/30/2017;11:00:00;8.06713135406305
08/30/2017;12:00:00;8.16103007742372
08/30/2017;13:00:00;8.39114011304825
08/30/2017;14:00:00;8.60874135606382
08/30/2017;15:00:00;8.66304470342483
08/30/2017;16:00:00;8.69717834148726
08/30/2017;17:00:00;8.61995987456981
08/30/2017;18:00:00;8.56908427221783
08/30/2017;19:00:00;8.58847504585472
08/30/2017;20:00:00;8.58397474878204
08/30/2017;21:00:00;8.60184958393819
08/30/2017;22:00:00;8.58410639332344
08/30/2017;23:00:00;8.54131286222271
08/31/2017;00:00:00;8.52116518770834
08/31/2017;01:00:00;8.51053143475884
08/31/2017;02:00:00;8.49910429142199
08/31/2017;03:00:00;8.49774394747254
08/31/2017;04:00:00;8.46768095460138
08/31/2017;05:00:00;8.46475493060357
08/31/2017;06:00:00;8.48230326187494
08/31/2017;07:00:00;8.5556654137374
08/31/2017;08:00:00;8.61187710675807
08/31/2017;09:00:00;8.67313824980375
08/31/2017;10:00:00;8.73385834456415
08/31/2017;11:00:00;8.79513618420738
08/31/2017;12:00:00;8.85625449015856
08/31/2017;13:00:00;8.89482274957301
08/31/2017;14:00:00;8.95111929253051
08/31/2017;15:00:00;9.00760866760107
08/31/2017;16:00:00;9.04169864774452
08/31/2017;17:00:00;9.07960396205873
08/31/2017;18:00:00;9.10597982506554
08/31/2017;19:00:00;9.19399616659125
08/31/2017;20:00:00;9.15795922589359
08/31/2017;21:00:00;9.23111712178997
08/31/2017;22:00:00;9.31404689179938
08/31/2017;23:00:00;9.26358922528591
09/01/2017;00:00:00;9.22024199904205
09/01/2017;01:00:00;9.27016666361832
09/01/2017;02:00:00;9.23719211230888
09/01/2017;03:00:00;9.14551451295759
09/01/2017;04:00:00;9.09000289671605
09/01/2017;05:00:00;9.09594541501818
09/01/2017;06:00:00;9.02324202630939
09/01/2017;07:00:00;8.94709674213094
09/01/2017;08:00:00;8.97272221849529
09/01/2017;09:00:00;8.82784439559935
09/01/2017;10:00:00;8.79396085470213
09/01/2017;11:00:00;8.83006838172641
09/01/2017;12:00:00;8.85799735539865
09/01/2017;13:00:00;8.88297330841242
09/01/2017;14:00:00;8.88130860983576
09/01/2017;15:00:00;8.90121526324242
09/01/2017;16:00:00;8.88724396665097
09/01/2017;17:00:00;8.81728256145776
09/01/2017;18:00:00;8.76625057104257
09/01/2017;19:00:00;8.722352529351
09/01/2017;20:00:00;8.66194937512565
09/01/2017;21:00:00;8.59439659221409
09/01/2017;22:00:00;8.52042289044196
09/01/2017;23:00:00;8.52851891474359
09/02/2017;00:00:00;8.52942287815087
09/02/2017;01:00:00;8.51184714620482
09/02/2017;02:00:00;8.499749701789
09/02/2017;03:00:00;8.36457695069994
09/02/2017;04:00:00;8.46085756391378
09/02/2017;05:00:00;8.4324148048199
09/02/2017;06:00:00;8.34402569980956
09/02/2017;07:00:00;8.36602293536948
09/02/2017;08:00:00;8.35682978002333
09/02/2017;09:00:00;8.41045667516208
09/02/2017;10:00:00;8.41441205176936
09/02/2017;11:00:00;8.43641943619136
09/02/2017;12:00:00;8.47363519193626
09/02/2017;13:00:00;8.50099436483142
09/02/2017;14:00:00;8.49149870298199
09/02/2017;15:00:00;8.50942787117041
09/02/2017;16:00:00;8.54270664649829
09/02/2017;17:00:00;8.57465063760632
09/02/2017;18:00:00;8.58034939031332
09/02/2017;19:00:00;8.58957395386871
09/02/2017;20:00:00;8.52897762058749
09/02/2017;21:00:00;8.44398732579058
09/02/2017;22:00:00;8.46200244889098
09/02/2017;23:00:00;8.48918452008645
09/03/2017;00:00:00;8.49353837580396
09/03/2017;01:00:00;8.42983703418272
09/03/2017;02:00:00;8.42424337063368
09/03/2017;03:00:00;8.5924621657733
09/03/2017;04:00:00;8.55799595746159
09/03/2017;05:00:00;8.60272214432361
09/03/2017;06:00:00;8.61566054411211
09/03/2017;07:00:00;8.57893119608462
09/03/2017;08:00:00;8.67493442004324
09/03/2017;09:00:00;8.66180624143032
09/03/2017;10:00:00;8.72511782462177
09/03/2017;11:00:00;8.77211423566908
09/03/2017;12:00:00;8.77746725976698
09/03/2017;13:00:00;8.76524230331618
09/03/2017;14:00:00;8.74507733844228
09/03/2017;15:00:00;8.73323018088722
09/03/2017;16:00:00;8.73159968612946
09/03/2017;17:00:00;8.77714606683981
09/03/2017;18:00:00;8.77008826249421
09/03/2017;19:00:00;8.74271088313423
09/03/2017;20:00:00;8.725378668287
09/03/2017;21:00:00;8.74595156544918
09/03/2017;22:00:00;8.72248718232126
09/03/2017;23:00:00;8.71606608243995
09/04/2017;00:00:00;8.72052930875958
09/04/2017;01:00:00;8.69532142269134
09/04/2017;02:00:00;8.72099091747893
09/04/2017;03:00:00;8.7255347302343
09/04/2017;04:00:00;8.68236777582483
09/04/2017;05:00:00;8.64028306506362
09/04/2017;06:00:00;8.66499391785541
09/04/2017;07:00:00;8.70252297601088
09/04/2017;08:00:00;8.69069637525641
09/04/2017;09:00:00;8.73382078289891
09/04/2017;10:00:00;8.7581198587696
09/04/2017;11:00:00;8.77986759072765
09/04/2017;12:00:00;8.81335882357598
09/04/2017;13:00:00;8.7883950169791
09/04/2017;14:00:00;8.72067478301357
09/04/2017;15:00:00;8.74337789807124
09/04/2017;16:00:00;8.72852110273723
09/04/2017;17:00:00;8.75331611900537
09/04/2017;18:00:00;8.76874463811075
09/04/2017;19:00:00;8.77128537934641
09/04/2017;20:00:00;8.78739055849313
09/04/2017;21:00:00;8.76385136084697
09/04/2017;22:00:00;8.75144776072493
09/04/2017;23:00:00;8.72531134085621
09/05/2017;00:00:00;8.76800805552109
09/05/2017;01:00:00;8.72134867900259
09/05/2017;02:00:00;8.71135635537046
09/05/2017;03:00:00;8.9438276947296
09/05/2017;04:00:00;8.90917674144115
09/05/2017;05:00:00;8.64489649477385
09/05/2017;06:00:00;8.62683436718366
09/05/2017;07:00:00;8.55020823242687
09/05/2017;08:00:00;8.58988606438722
09/05/2017;09:00:00;8.55848053506315
09/05/2017;10:00:00;8.52818111494072
09/05/2017;11:00:00;8.51134400660358
09/05/2017;12:00:00;8.16277778006437
09/05/2017;13:00:00;8.01273582209289
09/05/2017;14:00:00;7.9434809194772
09/05/2017;15:00:00;7.99903273486593
09/05/2017;16:00:00;7.97971342076408
09/05/2017;17:00:00;7.99483598282533
09/05/2017;18:00:00;7.97519768628037
09/05/2017;19:00:00;7.98513534950647
09/05/2017;20:00:00;7.96756745430559
09/05/2017;21:00:00;7.95326891869177
09/05/2017;22:00:00;7.92561499068773
09/05/2017;23:00:00;7.91218200474018
09/06/2017;00:00:00;7.90318600388178
09/06/2017;01:00:00;7.88735749688516
09/06/2017;02:00:00;7.86869157790041
09/06/2017;03:00:00;7.84738568287513
09/06/2017;04:00:00;7.84042649863555
09/06/2017;05:00:00;7.82838190837806
09/06/2017;06:00:00;7.81975264252328
09/06/2017;07:00:00;7.83427389837817
09/06/2017;08:00:00;7.84732584857156
09/06/2017;09:00:00;7.86467901144147
09/06/2017;10:00:00;7.87864980931222
09/06/2017;11:00:00;7.87427741111399
09/06/2017;12:00:00;7.91702709979347
09/06/2017;13:00:00;7.93050963125175
09/06/2017;14:00:00;7.94637407322539
09/06/2017;15:00:00;7.94872605334816
09/06/2017;16:00:00;7.84924784431338
09/06/2017;17:00:00;7.96150945880617
09/06/2017;18:00:00;7.87297960296455
09/06/2017;19:00:00;7.82933142273812
09/06/2017;20:00:00;7.83583131105328
09/06/2017;21:00:00;7.79344176367092
09/06/2017;22:00:00;7.78418119510155
09/06/2017;23:00:00;7.80755260730099
09/07/2017;00:00:00;7.8555278490086
09/07/2017;01:00:00;7.77624524668915
09/07/2017;02:00:00;7.75374433328052
09/07/2017;03:00:00;7.72794107339128
09/07/2017;04:00:00;7.6401837068147
09/07/2017;05:00:00;7.63510854466048
09/07/2017;06:00:00;7.63696629147729
09/07/2017;07:00:00;7.59527079474228
09/07/2017;08:00:00;7.55227863891259
09/07/2017;09:00:00;7.57442310815469
09/07/2017;10:00:00;7.59375987771265
09/07/2017;11:00:00;7.58883671556287
09/07/2017;12:00:00;7.60146545960005
09/07/2017;13:00:00;7.61187639613061
09/07/2017;14:00:00;7.6249259564368
09/07/2017;15:00:00;7.64097348470084
09/07/2017;16:00:00;7.62409987445927
09/07/2017;17:00:00;7.62151247895513
09/07/2017;18:00:00;7.64241099033783
09/07/2017;19:00:00;7.65873193067346
09/07/2017;20:00:00;7.66682620536533
09/07/2017;21:00:00;7.69228930395281
09/07/2017;22:00:00;7.67276704426358
09/07/2017;23:00:00;7.68662893483246
09/08/2017;00:00:00;7.70560145821668
09/08/2017;01:00:00;7.68569051442514
09/08/2017;02:00:00;7.73289758040202
09/08/2017;03:00:00;7.75404751545905
09/08/2017;04:00:00;7.75855470986236
09/08/2017;05:00:00;7.76907510104545
09/08/2017;06:00:00;7.72418918054314
09/08/2017;07:00:00;7.69748301800277
09/08/2017;08:00:00;7.71942430128902
09/08/2017;09:00:00;7.71118338828937
09/08/2017;10:00:00;7.76999423581201
09/08/2017;11:00:00;7.7539776043183
09/08/2017;12:00:00;7.81911540931271
09/08/2017;13:00:00;7.8882345337967
09/08/2017;14:00:00;7.92375587631747
09/08/2017;15:00:00;7.9072479094327
09/08/2017;16:00:00;7.83454522144852
09/08/2017;17:00:00;7.82070698833098
09/08/2017;18:00:00;7.81205641760058
09/08/2017;19:00:00;7.81710041582905
09/08/2017;20:00:00;7.83903138253987
09/08/2017;21:00:00;7.8743057165682
09/08/2017;22:00:00;7.8460141127238
09/08/2017;23:00:00;7.8025646553904
09/09/2017;00:00:00;7.78947877732897
09/09/2017;01:00:00;7.78935798002921
09/09/2017;02:00:00;7.76141774998053
09/09/2017;03:00:00;7.74625586734104
09/09/2017;04:00:00;7.75103592456987
09/09/2017;05:00:00;7.7058677164771
09/09/2017;06:00:00;7.75406149880822
09/09/2017;07:00:00;7.75081805558552
09/09/2017;08:00:00;7.76038466849222
09/09/2017;09:00:00;7.77987593041985
09/09/2017;10:00:00;7.80912985079713
09/09/2017;11:00:00;7.91514638812494
09/09/2017;12:00:00;7.93758469714276
09/09/2017;13:00:00;7.97193367295993
09/09/2017;14:00:00;8.02493777442939
09/09/2017;15:00:00;8.03779847832063
09/09/2017;16:00:00;8.04393589662575
09/09/2017;17:00:00;8.0696467663374
09/09/2017;18:00:00;8.03600557231116
09/09/2017;19:00:00;8.03677733445116
09/09/2017;20:00:00;8.00927571309639
09/09/2017;21:00:00;7.98760364901608
09/09/2017;22:00:00;7.9343150230405
09/09/2017;23:00:00;7.94890819175776
09/10/2017;00:00:00;7.96911300666922
09/10/2017;01:00:00;8.00949233215335
09/10/2017;02:00:00;7.99642168026723
09/10/2017;03:00:00;7.97119676406741
09/10/2017;04:00:00;7.96694397464389
09/10/2017;05:00:00;7.97237688929459
09/10/2017;06:00:00;7.9157676304107
09/10/2017;07:00:00;7.89571223812456
09/10/2017;08:00:00;7.93199101601978
09/10/2017;09:00:00;8.02253053218543
09/10/2017;10:00:00;8.03006258235197
09/10/2017;11:00:00;8.05873651166923
09/10/2017;12:00:00;8.02192580950699
09/10/2017;13:00:00;8.13617658193001
09/10/2017;14:00:00;8.11193841284455
09/10/2017;15:00:00;8.01889115062754
09/10/2017;16:00:00;7.9803431254951
09/10/2017;17:00:00;7.98558283105403
09/10/2017;18:00:00;7.95245473566531
09/10/2017;19:00:00;7.94341614492166
09/10/2017;20:00:00;7.9266024748234
09/10/2017;21:00:00;7.89705944517922
09/10/2017;22:00:00;7.853304580037
09/10/2017;23:00:00;7.84498436301539
09/11/2017;00:00:00;7.92771921754478
09/11/2017;01:00:00;7.89968347972326
09/11/2017;02:00:00;7.92377876978804
09/11/2017;03:00:00;7.90064740894546
09/11/2017;04:00:00;7.90844888871098
09/11/2017;05:00:00;7.91335396147923
09/11/2017;06:00:00;7.92071520125614
09/11/2017;07:00:00;7.88566290039431
09/11/2017;08:00:00;7.88512625623261
09/11/2017;09:00:00;7.87239904234356
09/11/2017;10:00:00;7.92131833136214
09/11/2017;11:00:00;7.95400790496592
09/11/2017;12:00:00;8.00655488703426
09/11/2017;13:00:00;8.14641952386575
09/11/2017;14:00:00;8.19226203882682
09/11/2017;15:00:00;8.23935257939615
09/11/2017;16:00:00;8.22667930719882
09/11/2017;17:00:00;8.26965031465675
09/11/2017;18:00:00;8.25165398353439
09/11/2017;19:00:00;8.22169330699394
09/11/2017;20:00:00;8.16346540999952
09/11/2017;21:00:00;8.15107295586314
09/11/2017;22:00:00;8.15154874635286
09/11/2017;23:00:00;8.12360446975458
09/12/2017;00:00:00;8.05131184969456
09/12/2017;01:00:00;7.94342383874853
09/12/2017;02:00:00;7.86886835580362
09/12/2017;03:00:00;7.86373850563525
09/12/2017;04:00:00;7.83763231807123
09/12/2017;05:00:00;7.86789728792019
09/12/2017;06:00:00;7.89341659776825
09/12/2017;07:00:00;7.87328409740578
09/12/2017;08:00:00;7.8540153124666
09/12/2017;09:00:00;7.88848652412968
09/12/2017;10:00:00;7.87814382000891
09/12/2017;11:00:00;7.93751820822035
09/12/2017;12:00:00;8.0116833637986
09/12/2017;13:00:00;7.99887137540413
09/12/2017;14:00:00;7.96978714728952
09/12/2017;15:00:00;7.94489364954762
09/12/2017;16:00:00;7.92920590965428
09/12/2017;17:00:00;7.90539338125898
09/12/2017;18:00:00;7.92481877871738
09/12/2017;19:00:00;7.94754283332461
09/12/2017;20:00:00;7.94055189127311
09/12/2017;21:00:00;7.92138620131352
09/12/2017;22:00:00;7.92341864000655
09/12/2017;23:00:00;7.89643956593069
09/13/2017;00:00:00;7.88733499561203
09/13/2017;01:00:00;7.87880959457554
09/13/2017;02:00:00;7.86015725008158
09/13/2017;03:00:00;7.83957912561924
09/13/2017;04:00:00;7.82064029729924
09/13/2017;05:00:00;7.78704013364704
09/13/2017;06:00:00;7.74615334034095
09/13/2017;07:00:00;7.71455369424294
09/13/2017;08:00:00;7.66267272008595
09/13/2017;09:00:00;7.87451031689521
09/13/2017;10:00:00;7.93296820348342
09/13/2017;11:00:00;7.90034400342602
09/13/2017;12:00:00;7.89958489314898
09/13/2017;13:00:00;7.90093325458798
09/13/2017;14:00:00;7.89942623713613
09/13/2017;15:00:00;7.8561784125274
09/13/2017;16:00:00;7.74393693574372
09/13/2017;17:00:00;7.56663049674577
09/13/2017;18:00:00;7.76455228488503
09/13/2017;19:00:00;7.70507628164668
09/13/2017;20:00:00;7.70171863800442
09/13/2017;21:00:00;7.62476467212575
09/13/2017;22:00:00;7.62390574599939
09/13/2017;23:00:00;7.69147447705099
09/14/2017;00:00:00;7.6722206283455
09/14/2017;01:00:00;7.6052549155664
09/14/2017;02:00:00;7.60986431028712
09/14/2017;03:00:00;7.64418354938891
09/14/2017;04:00:00;7.64774097085604
09/14/2017;05:00:00;7.57682517102815
09/14/2017;06:00:00;7.52033777858039
09/14/2017;07:00:00;7.44782483040388
09/14/2017;08:00:00;7.56413954304003
09/14/2017;09:00:00;7.43476860587808
09/14/2017;10:00:00;7.36263939756972
09/14/2017;11:00:00;7.45067387553623
09/14/2017;12:00:00;7.49992004346416
09/14/2017;13:00:00;7.44983250449673
09/14/2017;14:00:00;7.4234909505059
09/14/2017;15:00:00;7.4597617842186
09/14/2017;16:00:00;7.53518349192472
09/14/2017;17:00:00;7.48217221286185
09/14/2017;18:00:00;7.29017435820265
09/14/2017;19:00:00;7.34562227340373
09/14/2017;20:00:00;7.24460963764124
09/14/2017;21:00:00;7.21577151024165
09/14/2017;22:00:00;7.23736535331892
09/14/2017;23:00:00;7.25111733107908
09/15/2017;00:00:00;7.2816256552124
09/15/2017;01:00:00;7.26139741861808
09/15/2017;02:00:00;7.22151193472313
09/15/2017;03:00:00;7.22185168138338
09/15/2017;04:00:00;7.20819082349868
09/15/2017;05:00:00;7.2016309763574
09/15/2017;06:00:00;7.19702769542611
09/15/2017;07:00:00;7.13167544584759
09/15/2017;08:00:00;7.11852927325538
09/15/2017;09:00:00;7.21472012357101
09/15/2017;10:00:00;7.22634399974304
09/15/2017;11:00:00;7.2711229021783
09/15/2017;12:00:00;7.25599136435769
09/15/2017;13:00:00;7.3031628903235
09/15/2017;14:00:00;7.15510157748071
09/15/2017;15:00:00;7.25018357183424
09/15/2017;16:00:00;7.27676238060179
09/15/2017;17:00:00;7.27516726303385
09/15/2017;18:00:00;7.29491939743057
09/15/2017;19:00:00;7.26841752876515
09/15/2017;20:00:00;7.25144690602898
09/15/2017;21:00:00;7.24830780981171
09/15/2017;22:00:00;7.20483938570064
09/15/2017;23:00:00;7.22497953672222
09/16/2017;00:00:00;7.18715224607993
09/16/2017;01:00:00;7.21472042947132
09/16/2017;02:00:00;7.25948387337723
09/16/2017;03:00:00;7.25679818237154
09/16/2017;04:00:00;7.22404739445477
09/16/2017;05:00:00;7.30849467806034
09/16/2017;06:00:00;7.32619243442734
09/16/2017;07:00:00;7.29819360456485
09/16/2017;08:00:00;7.41008008415703
09/16/2017;09:00:00;7.37889709099355
09/16/2017;10:00:00;7.20967334716884
09/16/2017;11:00:00;7.23211491432416
09/16/2017;12:00:00;7.43803064124824
09/16/2017;13:00:00;7.42326934351671
09/16/2017;14:00:00;7.40427831466125
09/16/2017;15:00:00;7.40748661302965
09/16/2017;16:00:00;7.39382286925062
09/16/2017;17:00:00;7.41652340867765
09/16/2017;18:00:00;7.41709618547542
09/16/2017;19:00:00;7.36950921610322
09/16/2017;20:00:00;7.31070160516348
09/16/2017;21:00:00;7.30162761690949
09/16/2017;22:00:00;7.39495044474667
09/16/2017;23:00:00;7.36500876080757
09/17/2017;00:00:00;7.35446091925008
09/17/2017;01:00:00;7.32555109814429
09/17/2017;02:00:00;7.32184739524119
09/17/2017;03:00:00;7.3074406637123
09/17/2017;04:00:00;7.33467886043805
09/17/2017;05:00:00;7.31287912421202
09/17/2017;06:00:00;7.28672895479193
09/17/2017;07:00:00;7.25948061245461
09/17/2017;08:00:00;7.2476022215878
09/17/2017;09:00:00;7.14022356980931
09/17/2017;10:00:00;7.38742806356831
09/17/2017;11:00:00;7.40586483679642
09/17/2017;12:00:00;7.38027768292997
09/17/2017;13:00:00;7.31450750699915
09/17/2017;14:00:00;7.35262685206654
09/17/2017;15:00:00;7.2598129171108
09/17/2017;16:00:00;7.24644553147921
09/17/2017;17:00:00;7.38411815173781
09/17/2017;18:00:00;7.27056732480063
09/17/2017;19:00:00;7.11821361732015
09/17/2017;20:00:00;7.14583437132339
09/17/2017;21:00:00;7.16262223753339
09/17/2017;22:00:00;7.18254407941577
09/17/2017;23:00:00;7.16939545345289
09/18/2017;00:00:00;7.10583212331871
09/18/2017;01:00:00;7.05704967980879
09/18/2017;02:00:00;7.05121869185287
09/18/2017;03:00:00;7.03297815933509
09/18/2017;04:00:00;7.03458195630486
09/18/2017;05:00:00;7.15164882850019
09/18/2017;06:00:00;7.2043998584739
09/18/2017;07:00:00;7.0468729419943
09/18/2017;08:00:00;7.13272478355524
09/18/2017;09:00:00;7.06210100100689
09/18/2017;10:00:00;7.09131484616527
09/18/2017;11:00:00;7.17184900031938
09/18/2017;12:00:00;7.15941439802742
09/18/2017;13:00:00;7.20885531195366
09/18/2017;14:00:00;7.207229725748
09/18/2017;15:00:00;7.24339236297098
09/18/2017;16:00:00;7.41343543747848
09/18/2017;17:00:00;7.35790234079639
09/18/2017;18:00:00;7.26770755757252
09/18/2017;19:00:00;7.345574812394
09/18/2017;20:00:00;7.36109204646721
09/18/2017;21:00:00;7.41181105558331
09/18/2017;22:00:00;7.4146252171676
09/18/2017;23:00:00;7.41354071077832
09/19/2017;00:00:00;7.39991309781638
09/19/2017;01:00:00;7.31022535227629
09/19/2017;02:00:00;7.23910034224327
09/19/2017;03:00:00;7.21763412757995
09/19/2017;04:00:00;7.23880183710058
09/19/2017;05:00:00;7.25257068924715
09/19/2017;06:00:00;7.25855582139272
09/19/2017;07:00:00;7.24190108476417
09/19/2017;08:00:00;7.25732798358766
09/19/2017;09:00:00;7.36662282698337
09/19/2017;10:00:00;7.41727584370132
09/19/2017;11:00:00;7.27682352703026
09/19/2017;12:00:00;7.32845186534173
09/19/2017;13:00:00;7.45388114556822
09/19/2017;14:00:00;7.48443224176184
09/19/2017;15:00:00;7.50066572739178
09/19/2017;16:00:00;7.51826802925561
09/19/2017;17:00:00;7.52152132132906
09/19/2017;18:00:00;7.42122301580651
09/19/2017;19:00:00;7.40187114822276
09/19/2017;20:00:00;7.31419109562062
09/19/2017;21:00:00;7.32024777015215
09/19/2017;22:00:00;7.3042463008424
09/19/2017;23:00:00;7.31182325328885
09/20/2017;00:00:00;7.39969281851415
09/20/2017;01:00:00;7.39221570685033
09/20/2017;02:00:00;7.38520512840504
09/20/2017;03:00:00;7.38511954944324
09/20/2017;04:00:00;7.33393856784128
09/20/2017;05:00:00;7.33009640549777
09/20/2017;06:00:00;7.25559367607595
09/20/2017;07:00:00;7.31200666905257
09/20/2017;08:00:00;7.3975995698045
09/20/2017;09:00:00;7.53781976549508
09/20/2017;10:00:00;7.5413366350434
09/20/2017;11:00:00;7.53422794598651
09/20/2017;12:00:00;7.57593405699478
09/20/2017;13:00:00;7.62800797182464
09/20/2017;14:00:00;7.63552932380572
09/20/2017;15:00:00;7.65437085222024
09/20/2017;16:00:00;7.70945575015279
09/20/2017;17:00:00;7.61686362326696
09/20/2017;18:00:00;7.60226348240914
09/20/2017;19:00:00;7.58180360995654
09/20/2017;20:00:00;7.62625991182748
09/20/2017;21:00:00;7.64212582925092
09/20/2017;22:00:00;7.57020816039144
09/20/2017;23:00:00;7.5574523373356
09/21/2017;00:00:00;7.50234598909944
09/21/2017;01:00:00;7.48107033495758
09/21/2017;02:00:00;7.49120703285294
09/21/2017;03:00:00;7.4960267264322
09/21/2017;04:00:00;7.42525730675694
09/21/2017;05:00:00;7.36871063060269
09/21/2017;06:00:00;7.31310903140537
09/21/2017;07:00:00;7.36096769308627
09/21/2017;08:00:00;7.44112916306483
09/21/2017;09:00:00;7.42962233096645
09/21/2017;10:00:00;7.41957196815938
09/21/2017;11:00:00;7.43830316420233
09/21/2017;12:00:00;7.42372625870716
09/21/2017;13:00:00;7.55785098798007
09/21/2017;14:00:00;7.54965386853075
09/21/2017;15:00:00;7.47153388090519
09/21/2017;16:00:00;7.45645922245451
09/21/2017;17:00:00;7.51952537963724
09/21/2017;18:00:00;7.56360801800057
09/21/2017;19:00:00;7.46231906395822
09/21/2017;20:00:00;7.4068801468429
09/21/2017;21:00:00;7.5176353488687
09/21/2017;22:00:00;7.57773328415709
09/21/2017;23:00:00;7.48169418476006
09/22/2017;00:00:00;7.52508451654305
09/22/2017;01:00:00;7.59372693510445
09/22/2017;02:00:00;7.54747958557414
09/22/2017;03:00:00;7.52274579106909
09/22/2017;04:00:00;7.50396432541692
09/22/2017;05:00:00;7.49797096120599
09/22/2017;06:00:00;7.47023217461787
09/22/2017;07:00:00;7.42465896034799
09/22/2017;08:00:00;7.40911812197073
09/22/2017;09:00:00;7.48033833678453
09/22/2017;10:00:00;7.56601333285597
09/22/2017;11:00:00;7.60351536725289
09/22/2017;12:00:00;7.59906868782313
09/22/2017;13:00:00;7.59052727671358
09/22/2017;14:00:00;7.57464037885038
09/22/2017;15:00:00;7.5409234051353
09/22/2017;16:00:00;7.57979955011786
09/22/2017;17:00:00;7.64117338642263
09/22/2017;18:00:00;7.65842076497405
09/22/2017;19:00:00;7.66114494531359
09/22/2017;20:00:00;7.72145931109203
09/22/2017;21:00:00;7.74197599427335
09/22/2017;22:00:00;7.66317126113676
09/22/2017;23:00:00;7.62225528424696
09/23/2017;00:00:00;7.59314340222833
09/23/2017;01:00:00;7.62630297301846
09/23/2017;02:00:00;7.59739184463368
09/23/2017;03:00:00;7.51041926087188
09/23/2017;04:00:00;7.50450412559182
09/23/2017;05:00:00;7.51952815798826
09/23/2017;06:00:00;7.50468609109636
09/23/2017;07:00:00;7.516842854195
09/23/2017;08:00:00;7.55926601321484
09/23/2017;09:00:00;7.63201560652071
09/23/2017;10:00:00;7.79341591964182
09/23/2017;11:00:00;7.8753338623142
09/23/2017;12:00:00;7.95759841800505
09/23/2017;13:00:00;7.90650204828957
09/23/2017;14:00:00;7.93791344909297
09/23/2017;15:00:00;7.93915038018788
09/23/2017;16:00:00;7.95279710202981
09/23/2017;17:00:00;7.95073431394409
09/23/2017;18:00:00;8.01526074292854
09/23/2017;19:00:00;7.97664438108504
09/23/2017;20:00:00;8.04446679926641
09/23/2017;21:00:00;7.95186365208593
09/23/2017;22:00:00;7.98440682618139
09/23/2017;23:00:00;7.96726274867993
09/24/2017;00:00:00;7.90942355373287
09/24/2017;01:00:00;7.95528622515584
09/24/2017;02:00:00;7.92108361147086
09/24/2017;03:00:00;7.93923835892465
09/24/2017;04:00:00;7.93441731243766
09/24/2017;05:00:00;7.96851050828711
09/24/2017;06:00:00;7.99195112515489
09/24/2017;07:00:00;7.91270715383959
09/24/2017;08:00:00;7.96063726300823
09/24/2017;09:00:00;8.01918352570114
09/24/2017;10:00:00;8.01641830579617
09/24/2017;11:00:00;8.08531617852381
09/24/2017;12:00:00;8.05749498065189
09/24/2017;13:00:00;8.04643166900554
09/24/2017;14:00:00;8.05253998852218
09/24/2017;15:00:00;8.04198658636603
09/24/2017;16:00:00;8.06208434132398
09/24/2017;17:00:00;8.0434219468221
09/24/2017;18:00:00;8.03395613165888
09/24/2017;19:00:00;8.0393826077583
09/24/2017;20:00:00;8.00817321023678
09/24/2017;21:00:00;7.96104147529693
09/24/2017;22:00:00;7.91545438041222
09/24/2017;23:00:00;8.09846657865581
09/25/2017;00:00:00;8.3357459190016
09/25/2017;01:00:00;8.46412824251884
09/25/2017;02:00:00;8.49488091849039
09/25/2017;03:00:00;8.50326059574769
09/25/2017;04:00:00;8.42475117333287
09/25/2017;05:00:00;8.34806625317812
09/25/2017;06:00:00;8.33196564124991
09/25/2017;07:00:00;8.37650026423215
09/25/2017;08:00:00;8.34377320741
09/25/2017;09:00:00;8.37981077476723
09/25/2017;10:00:00;8.37891917162111
09/25/2017;11:00:00;8.38904070388386
09/25/2017;12:00:00;8.36884644935266
09/25/2017;13:00:00;8.406264223592
09/25/2017;14:00:00;8.40524359600709
09/25/2017;15:00:00;8.37949954371129
09/25/2017;16:00:00;8.3969391105087
09/25/2017;17:00:00;8.3847873612924
09/25/2017;18:00:00;8.42710083854867
09/25/2017;19:00:00;8.38678032072605
09/25/2017;20:00:00;8.4057433992725
09/25/2017;21:00:00;8.39180569335329
09/25/2017;22:00:00;8.35837167168698
09/25/2017;23:00:00;8.31414819783459
09/26/2017;00:00:00;8.27515162645355
09/26/2017;01:00:00;8.26733878985341
09/26/2017;02:00:00;8.25590710367168
09/26/2017;03:00:00;8.26202645900663
09/26/2017;04:00:00;8.3280804131773
09/26/2017;05:00:00;8.34670499901633
09/26/2017;06:00:00;8.37944869299373
09/26/2017;07:00:00;8.4116099692776
09/26/2017;08:00:00;8.45581199689101
09/26/2017;09:00:00;8.45086797276631
09/26/2017;10:00:00;8.46615378915858
09/26/2017;11:00:00;8.48940460450156
09/26/2017;12:00:00;8.52566899890236
09/26/2017;13:00:00;8.48422980149696
09/26/2017;14:00:00;8.6230964982623
09/26/2017;15:00:00;8.66351537485241
09/26/2017;16:00:00;8.63725608166959
09/26/2017;17:00:00;8.57006559307953
09/26/2017;18:00:00;8.5560612137656
09/26/2017;19:00:00;8.61817839096542
09/26/2017;20:00:00;8.58456888020262
09/26/2017;21:00:00;8.56584278390006
09/26/2017;22:00:00;8.52743124424417
09/26/2017;23:00:00;8.4906254045464
09/27/2017;00:00:00;8.51034333185234
09/27/2017;01:00:00;8.47222822377392
09/27/2017;02:00:00;8.45006333162449
09/27/2017;03:00:00;8.46577766788534
09/27/2017;04:00:00;8.40371549271229
09/27/2017;05:00:00;8.36284045248469
09/27/2017;06:00:00;8.32545868175993
09/27/2017;07:00:00;8.31174278763152
09/27/2017;08:00:00;8.3059484432687
09/27/2017;09:00:00;8.33126296515864
09/27/2017;10:00:00;8.43509656972958
09/27/2017;11:00:00;8.40406610409848
09/27/2017;12:00:00;8.47575731814655
09/27/2017;13:00:00;8.5305944562978
09/27/2017;14:00:00;8.48524968231885
09/27/2017;15:00:00;8.50770663871044
09/27/2017;16:00:00;8.49355254446967
09/27/2017;17:00:00;8.49749714826106
09/27/2017;18:00:00;8.47866038062588
09/27/2017;19:00:00;8.46721924398657
09/27/2017;20:00:00;8.4053383159388
09/27/2017;21:00:00;8.40418169277681
09/27/2017;22:00:00;8.37947719696098
09/27/2017;23:00:00;8.37122845282464
09/28/2017;00:00:00;8.35158642370942
09/28/2017;01:00:00;8.26914426035664
09/28/2017;02:00:00;8.2322971157653
09/28/2017;03:00:00;8.23542542336933
09/28/2017;04:00:00;8.18863090349652
09/28/2017;05:00:00;8.16776516709622
09/28/2017;06:00:00;8.13666438750818
09/28/2017;07:00:00;8.1333767384861
09/28/2017;08:00:00;8.14721789683073
09/28/2017;09:00:00;8.15022089903271
09/28/2017;10:00:00;8.29011529304472
09/28/2017;11:00:00;8.38186986655325
09/28/2017;12:00:00;8.42223264304319
09/28/2017;13:00:00;8.43080337156952
09/28/2017;14:00:00;8.44906444755685
09/28/2017;15:00:00;8.42225350965522
09/28/2017;16:00:00;8.41644329179592
09/28/2017;17:00:00;8.4330025971117
09/28/2017;18:00:00;8.37489667892453
09/28/2017;19:00:00;8.34758570574439
09/28/2017;20:00:00;8.33357333525898
09/28/2017;21:00:00;8.29341741563713
09/28/2017;22:00:00;8.2888814292031
09/28/2017;23:00:00;8.26587703039517
09/29/2017;00:00:00;8.27839400364199
09/29/2017;01:00:00;8.35143733486869
09/29/2017;02:00:00;8.41190835787675
09/29/2017;03:00:00;8.36539574095149
09/29/2017;04:00:00;8.33594752545318
09/29/2017;05:00:00;8.32595825566352
09/29/2017;06:00:00;8.35666579112882
09/29/2017;07:00:00;8.37147643322022
09/29/2017;08:00:00;8.38358364903687
09/29/2017;09:00:00;8.48520084739885
09/29/2017;10:00:00;8.51882543485752
09/29/2017;11:00:00;8.55428047072945
09/29/2017;12:00:00;8.65537476668819
09/29/2017;13:00:00;8.56925723332593
09/29/2017;14:00:00;8.49539715437978
09/29/2017;15:00:00;8.49287486500659
09/29/2017;16:00:00;8.45410959018372
09/29/2017;17:00:00;8.469417074824
09/29/2017;18:00:00;8.44117754253629
09/29/2017;19:00:00;8.42064501039734
09/29/2017;20:00:00;8.43917436843864
09/29/2017;21:00:00;8.43832269579713
09/29/2017;22:00:00;8.39791229536197
09/29/2017;23:00:00;8.38220860723434
09/30/2017;00:00:00;8.50420845615423
09/30/2017;01:00:00;8.51114218838073
09/30/2017;02:00:00;8.51540489132766
09/30/2017;03:00:00;8.51870242431463
09/30/2017;04:00:00;8.46345615562744
09/30/2017;05:00:00;8.41016390873753
09/30/2017;06:00:00;8.32473522962032
09/30/2017;07:00:00;8.24630424371135
09/30/2017;08:00:00;8.14119259715878
09/30/2017;09:00:00;8.1366298181333
09/30/2017;10:00:00;8.18154130297656
09/30/2017;11:00:00;7.99048284136027
09/30/2017;12:00:00;7.98676230972141
09/30/2017;13:00:00;7.96119430454258
09/30/2017;14:00:00;7.8972236554207
09/30/2017;15:00:00;7.9011428988899
09/30/2017;16:00:00;7.8801166119439
09/30/2017;17:00:00;7.89479440819273
09/30/2017;18:00:00;7.91652291580386
09/30/2017;19:00:00;7.7870715291132
09/30/2017;20:00:00;7.66933932685986
09/30/2017;21:00:00;7.67076029144618
09/30/2017;22:00:00;7.6183334408667
09/30/2017;23:00:00;7.64430277857553
10/01/2017;00:00:00;7.54096700156008
10/01/2017;01:00:00;7.43599732640665
10/01/2017;02:00:00;7.31535542194034
10/01/2017;03:00:00;7.2435899374441
10/01/2017;04:00:00;7.23261997586165
10/01/2017;05:00:00;7.21375379252489
10/01/2017;06:00:00;7.1632789853643
10/01/2017;07:00:00;7.19438749752538
10/01/2017;08:00:00;7.17815543636449
10/01/2017;09:00:00;7.19097257080314
10/01/2017;10:00:00;7.20155853887391
10/01/2017;11:00:00;7.23944353464176
10/01/2017;12:00:00;7.28257599779622
10/01/2017;13:00:00;7.27260886303749
10/01/2017;14:00:00;7.32184102414969
10/01/2017;15:00:00;7.33070468501988
10/01/2017;16:00:00;7.32991895823321
10/01/2017;17:00:00;7.31112125344911
10/01/2017;18:00:00;7.29514547706956
10/01/2017;19:00:00;7.26453291976444
10/01/2017;20:00:00;7.24133049328848
10/01/2017;21:00:00;7.24541664731396
10/01/2017;22:00:00;7.340650319574
10/01/2017;23:00:00;7.37154132652721
10/02/2017;00:00:00;7.34286763723759
10/02/2017;01:00:00;7.34461565899932
10/02/2017;02:00:00;7.35750598441736
10/02/2017;03:00:00;7.33523229436338
10/02/2017;04:00:00;7.32058580344147
10/02/2017;05:00:00;7.28919036956252
10/02/2017;06:00:00;7.27518630741924
10/02/2017;07:00:00;7.28089672639085
10/02/2017;08:00:00;7.32902246769418
10/02/2017;09:00:00;7.31503223114261
10/02/2017;10:00:00;7.30354071200671
10/02/2017;11:00:00;7.33562344500027
10/02/2017;12:00:00;7.38980496460049
10/02/2017;13:00:00;7.37405030920868
10/02/2017;14:00:00;7.39929481167697
10/02/2017;15:00:00;7.41665249053449
10/02/2017;16:00:00;7.41883446430496
10/02/2017;17:00:00;7.43010241951393
10/02/2017;18:00:00;7.41548101702457
10/02/2017;19:00:00;7.43083167494279
10/02/2017;20:00:00;7.40228864574742
10/02/2017;21:00:00;7.42609597221237
10/02/2017;22:00:00;7.35203662280515
10/02/2017;23:00:00;7.13643969788886
10/03/2017;00:00:00;7.04527933146674
10/03/2017;01:00:00;7.01415846501817
10/03/2017;02:00:00;6.9772464878567
10/03/2017;03:00:00;7.01307673109634
10/03/2017;04:00:00;7.05122042718159
10/03/2017;05:00:00;7.02390317880419
10/03/2017;06:00:00;7.02726669215615
10/03/2017;07:00:00;7.04139230023483
10/03/2017;08:00:00;7.05723767789737
10/03/2017;09:00:00;7.10253085127679
10/03/2017;10:00:00;7.13391772123429
10/03/2017;11:00:00;7.19932040330276
10/03/2017;12:00:00;7.23319807550062
10/03/2017;13:00:00;7.24481826103951
10/03/2017;14:00:00;7.25306235014166
10/03/2017;15:00:00;7.24455866209041
10/03/2017;16:00:00;7.27219798054361
10/03/2017;17:00:00;7.269776606139
10/03/2017;18:00:00;7.26870797869142
10/03/2017;19:00:00;7.21344382589062
10/03/2017;20:00:00;7.21930977678135
10/03/2017;21:00:00;7.20442725776509
10/03/2017;22:00:00;7.17644814782454
10/03/2017;23:00:00;7.17267629158586
10/04/2017;00:00:00;7.1421207369861
10/04/2017;01:00:00;7.11940371323838
10/04/2017;02:00:00;7.13330908585729
10/04/2017;03:00:00;7.10388784773005
10/04/2017;04:00:00;7.09343866559502
10/04/2017;05:00:00;7.0989004768235
10/04/2017;06:00:00;7.11927769248469
10/04/2017;07:00:00;7.10255172552015
10/04/2017;08:00:00;7.08468243124538
10/04/2017;09:00:00;7.10858293469013
10/04/2017;10:00:00;7.14073096399822
10/04/2017;11:00:00;7.1400028885301
10/04/2017;12:00:00;7.13740073880943
10/04/2017;13:00:00;7.15990543424961
10/04/2017;14:00:00;7.12724036005756
10/04/2017;15:00:00;7.14118158246383
10/04/2017;16:00:00;7.11097850370713
10/04/2017;17:00:00;7.14585241161517
10/04/2017;18:00:00;7.11905694278254
10/04/2017;19:00:00;7.102290111996
10/04/2017;20:00:00;7.10269273655471
10/04/2017;21:00:00;7.08816634655652
10/04/2017;22:00:00;7.06262855194507
10/04/2017;23:00:00;7.06232144562686
10/05/2017;00:00:00;7.05595579910921
10/05/2017;01:00:00;7.03999097836567
10/05/2017;02:00:00;7.01407508628256
10/05/2017;03:00:00;7.02479717781335
10/05/2017;04:00:00;7.01289155236418
10/05/2017;05:00:00;6.98370081279198
10/05/2017;06:00:00;6.97839039589847
10/05/2017;07:00:00;6.97440598165813
10/05/2017;08:00:00;7.01444447505368
10/05/2017;09:00:00;6.98967040802108
10/05/2017;10:00:00;6.97764969339622
10/05/2017;11:00:00;7.00341363145962
10/05/2017;12:00:00;7.00576286578965
10/05/2017;13:00:00;6.9955966773987
10/05/2017;14:00:00;6.98444105073002
10/05/2017;15:00:00;6.99768022224651
10/05/2017;16:00:00;7.00022253598643
10/05/2017;17:00:00;6.970666085516
10/05/2017;18:00:00;6.99471437696697
10/05/2017;19:00:00;7.02691299789262
10/05/2017;20:00:00;6.98260917712998
10/05/2017;21:00:00;6.99941308568621
10/05/2017;22:00:00;6.91955240234092
10/05/2017;23:00:00;6.89480454826231
10/06/2017;00:00:00;6.89737751884342
10/06/2017;01:00:00;6.9206089063689
10/06/2017;02:00:00;6.92459303731047
10/06/2017;03:00:00;6.97371055412234
10/06/2017;04:00:00;6.94780571972018
10/06/2017;05:00:00;6.92977246768623
10/06/2017;06:00:00;6.95404866548312
10/06/2017;07:00:00;6.95276581830209
10/06/2017;08:00:00;6.9859886410588
10/06/2017;09:00:00;6.96508715472029
10/06/2017;10:00:00;6.9450863242625
10/06/2017;11:00:00;6.97477639507266
10/06/2017;12:00:00;6.98819336067815
10/06/2017;13:00:00;6.98069182479517
10/06/2017;14:00:00;7.01084946527574
10/06/2017;15:00:00;7.01921672837516
10/06/2017;16:00:00;7.07081773773692
10/06/2017;17:00:00;7.16196991485184
10/06/2017;18:00:00;7.18361707336749
10/06/2017;19:00:00;7.21749444643117
10/06/2017;20:00:00;7.22349037191031
10/06/2017;21:00:00;7.27035598823685
10/06/2017;22:00:00;7.2423044884223
10/06/2017;23:00:00;7.29510213529077
10/07/2017;00:00:00;7.26094176739838
10/07/2017;01:00:00;7.24759653327408
10/07/2017;02:00:00;7.29552252534204
10/07/2017;03:00:00;7.28780032362396
10/07/2017;04:00:00;7.32884700409015
10/07/2017;05:00:00;7.38835061006471
10/07/2017;06:00:00;7.40680948503471
10/07/2017;07:00:00;7.37058019675814
10/07/2017;08:00:00;7.44378463595916
10/07/2017;09:00:00;7.42825426584793
10/07/2017;10:00:00;7.42980964217954
10/07/2017;11:00:00;7.43627800164116
10/07/2017;12:00:00;7.44772635612033
10/07/2017;13:00:00;7.44712314302287
10/07/2017;14:00:00;7.46477639718585
10/07/2017;15:00:00;7.47944189810668
10/07/2017;16:00:00;7.47821713985584
10/07/2017;17:00:00;7.46722174978111
10/07/2017;18:00:00;7.43880347903496
10/07/2017;19:00:00;7.44672866770613
10/07/2017;20:00:00;7.45080679700833
10/07/2017;21:00:00;7.40139075381633
10/07/2017;22:00:00;7.37050584642663
10/07/2017;23:00:00;7.37038873586514
10/08/2017;00:00:00;7.37557526153641
10/08/2017;01:00:00;7.32416910451556
10/08/2017;02:00:00;7.29799431760741
10/08/2017;03:00:00;7.31535696619624
10/08/2017;04:00:00;7.29781280625573
10/08/2017;05:00:00;7.30376860117052
10/08/2017;06:00:00;7.26575622623549
10/08/2017;07:00:00;7.23037038540303
10/08/2017;08:00:00;7.25206559311756
10/08/2017;09:00:00;7.2749885081736
10/08/2017;10:00:00;7.30228753757658
10/08/2017;11:00:00;7.41700314913979
10/08/2017;12:00:00;7.40713053985179
10/08/2017;13:00:00;7.36176496188637
10/08/2017;14:00:00;7.36892906457767
10/08/2017;15:00:00;7.2867677657633
10/08/2017;16:00:00;7.30403201155522
10/08/2017;17:00:00;7.31002890148393
10/08/2017;18:00:00;7.30366114818043
10/08/2017;19:00:00;7.33536308059929
10/08/2017;20:00:00;7.3261086768962
10/08/2017;21:00:00;7.30651431834247
10/08/2017;22:00:00;7.34118151419107
10/08/2017;23:00:00;7.35705560699318
10/09/2017;00:00:00;7.38041710820045
10/09/2017;01:00:00;7.3875506395647
10/09/2017;02:00:00;7.38324634390747
10/09/2017;03:00:00;7.37873173682914
10/09/2017;04:00:00;7.34681643374036
10/09/2017;05:00:00;7.30934192578614
10/09/2017;06:00:00;7.29901254090086
10/09/2017;07:00:00;7.29092765188059
10/09/2017;08:00:00;7.287719553293
10/09/2017;09:00:00;7.30682504113574
10/09/2017;10:00:00;7.32632186660677
10/09/2017;11:00:00;7.31004943292114
10/09/2017;12:00:00;7.30777914848369
10/09/2017;13:00:00;7.33993253710566
10/09/2017;14:00:00;7.35143618984268
10/09/2017;15:00:00;7.35637876098579
10/09/2017;16:00:00;7.33175904583891
10/09/2017;17:00:00;7.29870566406923
10/09/2017;18:00:00;7.25169984109485
10/09/2017;19:00:00;7.25183430033488
10/09/2017;20:00:00;7.27045815721833
10/09/2017;21:00:00;7.32241074735056
10/09/2017;22:00:00;7.33536537862145
10/09/2017;23:00:00;7.33066355104324
10/10/2017;00:00:00;7.28938046209905
10/10/2017;01:00:00;7.20971077577728
10/10/2017;02:00:00;7.220362194047
10/10/2017;03:00:00;7.24950283370386
10/10/2017;04:00:00;7.302647342035
10/10/2017;05:00:00;7.34062401494294
10/10/2017;06:00:00;7.32661026103784
10/10/2017;07:00:00;7.29633226237224
10/10/2017;08:00:00;7.26107529745526
10/10/2017;09:00:00;7.32711528375623
10/10/2017;10:00:00;7.35431000227661
10/10/2017;11:00:00;7.29861954405416
10/10/2017;12:00:00;7.34407004455808
10/10/2017;13:00:00;7.32461138306093
10/10/2017;14:00:00;7.27722475925717
10/10/2017;15:00:00;7.26128841425406
10/10/2017;16:00:00;7.38681065139428
10/10/2017;17:00:00;7.34652455281082
10/10/2017;18:00:00;7.37549872884224
10/10/2017;19:00:00;7.36747715061926
10/10/2017;20:00:00;7.39212515984191
10/10/2017;21:00:00;7.40381265860152
10/10/2017;22:00:00;7.21581793969792
10/10/2017;23:00:00;7.64895126022053
10/11/2017;00:00:00;8.02114711655641
10/11/2017;01:00:00;8.15400322647301
10/11/2017;02:00:00;8.2208625906224
10/11/2017;03:00:00;8.24372366139585
10/11/2017;04:00:00;8.20836620744473
10/11/2017;05:00:00;8.25123635052483
10/11/2017;06:00:00;8.24317692707417
10/11/2017;07:00:00;8.27167353749734
10/11/2017;08:00:00;8.24362353427806
10/11/2017;09:00:00;8.14720340623159
10/11/2017;10:00:00;8.06764848583671
10/11/2017;11:00:00;8.01573192336658
10/11/2017;12:00:00;8.07595587880387
10/11/2017;13:00:00;8.19120407722152
10/11/2017;14:00:00;8.33248984965017
10/11/2017;15:00:00;8.35099550997776
10/11/2017;16:00:00;8.41614693761469
10/11/2017;17:00:00;8.44868080300054
10/11/2017;18:00:00;8.49117072636362
10/11/2017;19:00:00;8.44810914108399
10/11/2017;20:00:00;8.5714092453528
10/11/2017;21:00:00;8.7881435573579
10/11/2017;22:00:00;8.97701807997123
10/11/2017;23:00:00;9.38546235798409
10/12/2017;00:00:00;9.01127716303674
10/12/2017;01:00:00;8.82796669103161
10/12/2017;02:00:00;8.41009010580552
10/12/2017;03:00:00;8.34115301222287
10/12/2017;04:00:00;8.34473720020855
10/12/2017;05:00:00;8.3133146379743
10/12/2017;06:00:00;8.27327829608577
10/12/2017;07:00:00;8.32236374189387
10/12/2017;08:00:00;8.32272404891104
10/12/2017;09:00:00;8.3953871198763
10/12/2017;10:00:00;8.50931720826212
10/12/2017;11:00:00;8.64185952897959
10/12/2017;12:00:00;8.57356736630835
10/12/2017;13:00:00;8.45898166744312
10/12/2017;14:00:00;8.4592284696826
10/12/2017;15:00:00;8.42885185707149
10/12/2017;16:00:00;8.39409208367668
10/12/2017;17:00:00;8.33557549818372
10/12/2017;18:00:00;8.29214760484624
10/12/2017;19:00:00;8.21702236876668
10/12/2017;20:00:00;8.25244118067132
10/12/2017;21:00:00;8.28899062392764
10/12/2017;22:00:00;8.2441345665984
10/12/2017;23:00:00;8.28128095192377
10/13/2017;00:00:00;8.38920075241717
10/13/2017;01:00:00;8.3159482227156
10/13/2017;02:00:00;8.30023103645813
10/13/2017;03:00:00;8.25877216313454
10/13/2017;04:00:00;8.2695768401884
10/13/2017;05:00:00;8.19487603258039
10/13/2017;06:00:00;8.18963743468615
10/13/2017;07:00:00;8.19270719651884
10/13/2017;08:00:00;8.13902884033422
10/13/2017;09:00:00;8.10414870466471
10/13/2017;10:00:00;8.16471127571879
10/13/2017;11:00:00;8.22764659224288
10/13/2017;12:00:00;8.25606565053809
10/13/2017;13:00:00;8.17315621336212
10/13/2017;14:00:00;8.24712553342361
10/13/2017;15:00:00;8.24834458134766
10/13/2017;16:00:00;8.34300788310245
10/13/2017;17:00:00;8.36373429210787
10/13/2017;18:00:00;8.38235080969576
10/13/2017;19:00:00;8.36152748632685
10/13/2017;20:00:00;8.37895322638273
10/13/2017;21:00:00;8.36178869799153
10/13/2017;22:00:00;8.34254152885737
10/13/2017;23:00:00;8.35017906648896
10/14/2017;00:00:00;8.34032927431783
10/14/2017;01:00:00;8.36486565771894
10/14/2017;02:00:00;8.40233235638952
10/14/2017;03:00:00;8.4173190911623
10/14/2017;04:00:00;8.38088003040894
10/14/2017;05:00:00;8.34787509116795
10/14/2017;06:00:00;8.33912970548162
10/14/2017;07:00:00;8.33897610065661
10/14/2017;08:00:00;8.26544437368275
10/14/2017;09:00:00;8.10210822873062
10/14/2017;10:00:00;8.08505656286353
10/14/2017;11:00:00;8.15910974027803
10/14/2017;12:00:00;8.3079157579802
10/14/2017;13:00:00;8.3198680629913
10/14/2017;14:00:00;8.3938519927937
10/14/2017;15:00:00;8.34719867060108
10/14/2017;16:00:00;8.33875346382485
10/14/2017;17:00:00;8.34303879679464
10/14/2017;18:00:00;8.41466567815084
10/14/2017;19:00:00;8.35618012464468
10/14/2017;20:00:00;8.3809355385519
10/14/2017;21:00:00;8.41328902771823
10/14/2017;22:00:00;8.43339532315213
10/14/2017;23:00:00;8.43402407634409
10/15/2017;00:00:00;8.45838472783567
10/15/2017;01:00:00;8.4557528657348
10/15/2017;02:00:00;8.51881218673268
10/15/2017;03:00:00;8.48498761128111
10/15/2017;04:00:00;8.46006331688785
10/15/2017;05:00:00;8.45883992629467
10/15/2017;06:00:00;8.43589476347499
10/15/2017;07:00:00;8.44951026647088
10/15/2017;08:00:00;8.48330050847285
10/15/2017;09:00:00;8.44258306729711
10/15/2017;10:00:00;8.49830852627818
10/15/2017;11:00:00;8.43896616387867
10/15/2017;12:00:00;8.46657343818782
10/15/2017;13:00:00;8.53630686255009
10/15/2017;14:00:00;8.50419384374277
10/15/2017;15:00:00;8.52242157266276
10/15/2017;16:00:00;8.53584298059471
10/15/2017;17:00:00;8.56520285846641
10/15/2017;18:00:00;8.58457594683122
10/15/2017;19:00:00;8.57536853160158
10/15/2017;20:00:00;8.61645676605939
10/15/2017;21:00:00;8.60727316369083
10/15/2017;22:00:00;8.60500059224415
10/15/2017;23:00:00;8.58465336632156
10/16/2017;00:00:00;8.49829839273341
10/16/2017;01:00:00;8.51770086285417
10/16/2017;02:00:00;8.54939710660646
10/16/2017;03:00:00;8.48634508096932
10/16/2017;04:00:00;8.50184896491804
10/16/2017;05:00:00;8.50674964047485
10/16/2017;06:00:00;8.5039807094801
10/16/2017;07:00:00;8.47583730303408
10/16/2017;08:00:00;8.53174750345818
10/16/2017;09:00:00;8.53730600113109
10/16/2017;10:00:00;8.60267000201605
10/16/2017;11:00:00;8.76564820624854
10/16/2017;12:00:00;8.80197678392287
10/16/2017;13:00:00;8.79678215222599
10/16/2017;14:00:00;8.80868632276707
10/16/2017;15:00:00;8.60297608896374
10/16/2017;16:00:00;8.54675559725267
10/16/2017;17:00:00;8.46192273395273
10/16/2017;18:00:00;8.32205880714129
10/16/2017;19:00:00;8.26160115605228
10/16/2017;20:00:00;8.20924845500489
10/16/2017;21:00:00;8.24474105477409
10/16/2017;22:00:00;8.20823138350818
10/16/2017;23:00:00;8.12542764288092
10/17/2017;00:00:00;8.16361543906779
10/17/2017;01:00:00;8.16582233066644
10/17/2017;02:00:00;8.15090414126453
10/17/2017;03:00:00;8.17273391476279
10/17/2017;04:00:00;8.15770903388485
10/17/2017;05:00:00;8.09819252974073
10/17/2017;06:00:00;8.01659827847058
10/17/2017;07:00:00;8.04063793852088
10/17/2017;08:00:00;7.97726535350574
10/17/2017;09:00:00;8.14609855606178
10/17/2017;10:00:00;8.13139713855159
10/17/2017;11:00:00;8.39419353499323
10/17/2017;12:00:00;8.35530133465313
10/17/2017;13:00:00;8.32489014090587
10/17/2017;14:00:00;8.47305887783398
10/17/2017;15:00:00;8.37808002189705
10/17/2017;16:00:00;8.32244326756755
10/17/2017;17:00:00;8.35031450526153
10/17/2017;18:00:00;8.32188127101567
10/17/2017;19:00:00;8.2945565811905
10/17/2017;20:00:00;8.27931810161886
10/17/2017;21:00:00;8.20993508251705
10/17/2017;22:00:00;8.03142750643851
10/17/2017;23:00:00;7.98704754064836
10/18/2017;00:00:00;7.98487582881246
10/18/2017;01:00:00;7.95001551234919
10/18/2017;02:00:00;7.85713907011909
10/18/2017;03:00:00;8.03084078068863
10/18/2017;04:00:00;8.01287518464926
10/18/2017;05:00:00;7.80183593198875
10/18/2017;06:00:00;7.79074142392903
10/18/2017;07:00:00;7.80228582994668
10/18/2017;08:00:00;7.78728170477242
10/18/2017;09:00:00;7.81382093076875
10/18/2017;10:00:00;7.81569017573241
10/18/2017;11:00:00;7.82108601699579
10/18/2017;12:00:00;7.8513368131869
10/18/2017;13:00:00;7.91733101936236
10/18/2017;14:00:00;7.89777935639981
10/18/2017;15:00:00;7.86264243436598
10/18/2017;16:00:00;7.94868772894521
10/18/2017;17:00:00;7.86473495192664
10/18/2017;18:00:00;7.8320122228953
10/18/2017;19:00:00;8.07671455105062
10/18/2017;20:00:00;8.04969196818658
10/18/2017;21:00:00;7.78247546042365
10/18/2017;22:00:00;7.73839845120972
10/18/2017;23:00:00;7.71958005735811
10/19/2017;00:00:00;7.74778811852533
10/19/2017;01:00:00;7.70203712445351
10/19/2017;02:00:00;7.71678674709739
10/19/2017;03:00:00;7.70998247009384
10/19/2017;04:00:00;7.69707017642413
10/19/2017;05:00:00;7.70699554639131
10/19/2017;06:00:00;7.68961590300927
10/19/2017;07:00:00;7.73992534995495
10/19/2017;08:00:00;7.65595946068867
10/19/2017;09:00:00;7.6999395099625
10/19/2017;10:00:00;7.70849351509473
10/19/2017;11:00:00;7.7607637413423
10/19/2017;12:00:00;7.82461658430989
10/19/2017;13:00:00;7.85773527956463
10/19/2017;14:00:00;7.89961111216839
10/19/2017;15:00:00;7.90812260283896
10/19/2017;16:00:00;7.91919065063705
10/19/2017;17:00:00;7.91342451727103
10/19/2017;18:00:00;7.88016600734297
10/19/2017;19:00:00;7.81644418111715
10/19/2017;20:00:00;7.83640043371633
10/19/2017;21:00:00;7.8266536432254
10/19/2017;22:00:00;7.81526400741682
10/19/2017;23:00:00;7.76781000847538
10/20/2017;00:00:00;7.71391836237752
10/20/2017;01:00:00;7.68321389396828
10/20/2017;02:00:00;7.68518216161118
10/20/2017;03:00:00;7.70341249105251
10/20/2017;04:00:00;7.73282146308193
10/20/2017;05:00:00;7.68648970585247
10/20/2017;06:00:00;7.66243935814017
10/20/2017;07:00:00;7.61555396891447
10/20/2017;08:00:00;7.50604103712791
10/20/2017;09:00:00;7.50567454894781
10/20/2017;10:00:00;7.53653655496718
10/20/2017;11:00:00;7.59793221223097
10/20/2017;12:00:00;7.63920415792129
10/20/2017;13:00:00;7.64710479175629
10/20/2017;14:00:00;7.66736450281307
10/20/2017;15:00:00;7.66357269693813
10/20/2017;16:00:00;7.71868835173591
10/20/2017;17:00:00;7.67867678491039
10/20/2017;18:00:00;7.68266333160208
10/20/2017;19:00:00;7.6697709098947
10/20/2017;20:00:00;7.65405994415957
10/20/2017;21:00:00;7.6581748964599
10/20/2017;22:00:00;7.65812279651916
10/20/2017;23:00:00;7.63581591232984
10/21/2017;00:00:00;7.66244871445016
10/21/2017;01:00:00;7.63442352831728
10/21/2017;02:00:00;7.66148984386683
10/21/2017;03:00:00;7.62047258328635
10/21/2017;04:00:00;7.64189922794616
10/21/2017;05:00:00;7.66973002553299
10/21/2017;06:00:00;7.66252393349206
10/21/2017;07:00:00;7.65414159017617
10/21/2017;08:00:00;7.66786553789354
10/21/2017;09:00:00;7.67572255249725
10/21/2017;10:00:00;7.69132363597412
10/21/2017;11:00:00;7.7371552367581
10/21/2017;12:00:00;7.67038668644678
10/21/2017;13:00:00;7.69142331979466
10/21/2017;14:00:00;7.72422424654031
10/21/2017;15:00:00;7.70017314581207
10/21/2017;16:00:00;7.69600059933817
10/21/2017;17:00:00;7.68031049077289
10/21/2017;18:00:00;7.64495028909163
10/21/2017;19:00:00;7.66352630318119
10/21/2017;20:00:00;7.69428326507037
10/21/2017;21:00:00;7.66084596113414
10/21/2017;22:00:00;7.6442966988208
10/21/2017;23:00:00;7.68237071993868
10/22/2017;00:00:00;7.73906922337275
10/22/2017;01:00:00;7.78488478602576
10/22/2017;02:00:00;7.8140234021569
10/22/2017;03:00:00;7.72355455424316
10/22/2017;04:00:00;7.61180782974476
10/22/2017;05:00:00;7.59125314390053
10/22/2017;06:00:00;7.58611132672354
10/22/2017;07:00:00;7.56650412542677
10/22/2017;08:00:00;7.59623164265737
10/22/2017;09:00:00;7.64926532327237
10/22/2017;10:00:00;7.59549045738301
10/22/2017;11:00:00;7.57438477626306
10/22/2017;12:00:00;7.5748425313856
10/22/2017;13:00:00;7.58044016392886
10/22/2017;14:00:00;7.58338298857025
10/22/2017;15:00:00;7.5684333690357
10/22/2017;16:00:00;7.54963387879268
10/22/2017;17:00:00;7.53053108995139
10/22/2017;18:00:00;7.52966357131442
10/22/2017;19:00:00;7.57127091003414
10/22/2017;20:00:00;7.61394507813916
10/22/2017;21:00:00;7.62642857139503
10/22/2017;22:00:00;7.70674934609707
10/22/2017;23:00:00;7.77230057126535
10/23/2017;00:00:00;7.70298970342194
10/23/2017;01:00:00;7.71154698389269
10/23/2017;02:00:00;7.71983365137822
10/23/2017;03:00:00;7.7100888633999
10/23/2017;04:00:00;7.70308265809756
10/23/2017;05:00:00;7.68714069926555
10/23/2017;06:00:00;7.69314041829208
10/23/2017;07:00:00;7.68790837475775
10/23/2017;08:00:00;7.68706283675201
10/23/2017;09:00:00;7.70085469716652
10/23/2017;10:00:00;7.70929648905418
10/23/2017;11:00:00;7.71707591355201
10/23/2017;12:00:00;7.71934283631481
10/23/2017;13:00:00;7.70893657159638
10/23/2017;14:00:00;7.66319232379239
10/23/2017;15:00:00;7.73686423271667
10/23/2017;16:00:00;7.75611208678056
10/23/2017;17:00:00;7.74623570538407
10/23/2017;18:00:00;7.70484262998155
10/23/2017;19:00:00;7.70627115471359
10/23/2017;20:00:00;7.68009071694588
10/23/2017;21:00:00;7.63071915620465
10/23/2017;22:00:00;7.6464763275899
10/23/2017;23:00:00;7.57978190664216
10/24/2017;00:00:00;7.54737306208257
10/24/2017;01:00:00;7.54425218913223
10/24/2017;02:00:00;7.5660333911913
10/24/2017;03:00:00;7.52665808953643
10/24/2017;04:00:00;7.49024855432345
10/24/2017;05:00:00;7.55357081954501
10/24/2017;06:00:00;7.69463211754317
10/24/2017;07:00:00;7.71665934435867
10/24/2017;08:00:00;7.61305523523169
10/24/2017;09:00:00;7.45703679997305
10/24/2017;10:00:00;7.53811543941893
10/24/2017;11:00:00;7.70340748284283
10/24/2017;12:00:00;7.70726654936957
10/24/2017;13:00:00;7.70169997485944
10/24/2017;14:00:00;7.60566351012494
10/24/2017;15:00:00;7.60286425341829
10/24/2017;16:00:00;7.60257648434647
10/24/2017;17:00:00;7.54327752689611
10/24/2017;18:00:00;7.5206656227105
10/24/2017;19:00:00;7.55629230611674
10/24/2017;20:00:00;7.50652046243661
10/24/2017;21:00:00;7.48235289544468
10/24/2017;22:00:00;7.49670296350483
10/24/2017;23:00:00;7.51395704020861
10/25/2017;00:00:00;7.54142819420193
10/25/2017;01:00:00;7.50375135570066
10/25/2017;02:00:00;7.46643479043085
10/25/2017;03:00:00;7.43403874234501
10/25/2017;04:00:00;7.42713239732253
10/25/2017;05:00:00;7.40462715700945
10/25/2017;06:00:00;7.38779794442172
10/25/2017;07:00:00;7.41676908157603
10/25/2017;08:00:00;7.40892622534326
10/25/2017;09:00:00;7.38080371007664
10/25/2017;10:00:00;7.42415548211072
10/25/2017;11:00:00;7.46756976869749
10/25/2017;12:00:00;7.48523705332915
10/25/2017;13:00:00;7.52014588914809
10/25/2017;14:00:00;7.49507424951849
10/25/2017;15:00:00;7.54135212570799
10/25/2017;16:00:00;7.53563231170373
10/25/2017;17:00:00;7.5853473500926
10/25/2017;18:00:00;7.69365300920073
10/25/2017;19:00:00;7.66334588869011
10/25/2017;20:00:00;7.70569038758824
10/25/2017;21:00:00;7.70149361028498
