DATE;TIME;FC9031_OP.PV
11/01/2016;00:00:00;76.8286426246927
11/01/2016;01:00:00;76.7741540336234
11/01/2016;02:00:00;76.5519919967738
11/01/2016;03:00:00;76.9604005545586
11/01/2016;04:00:00;76.7330947340596
11/01/2016;05:00:00;76.5095503917479
11/01/2016;06:00:00;76.5001302351005
11/01/2016;07:00:00;76.580735190416
11/01/2016;08:00:00;76.3865091150299
11/01/2016;09:00:00;76.5223089125663
11/01/2016;10:00:00;76.3402427971184
11/01/2016;11:00:00;76.4359971206969
11/01/2016;12:00:00;76.2219527940443
11/01/2016;13:00:00;76.1504487211246
11/01/2016;14:00:00;76.1209494385875
11/01/2016;15:00:00;76.1396982121537
11/01/2016;16:00:00;76.2177677054937
11/01/2016;17:00:00;76.1535675033783
11/01/2016;18:00:00;76.1917854278991
11/01/2016;19:00:00;76.4622684178895
11/01/2016;20:00:00;76.2062118669768
11/01/2016;21:00:00;76.2245072908199
11/01/2016;22:00:00;76.3563752316144
11/01/2016;23:00:00;76.3596986478295
11/02/2016;00:00:00;76.1982619598267
11/02/2016;01:00:00;76.4251724535754
11/02/2016;02:00:00;76.406987212348
11/02/2016;03:00:00;76.1619676066197
11/02/2016;04:00:00;76.3722812902248
11/02/2016;05:00:00;76.729468752049
11/02/2016;06:00:00;76.3396749498385
11/02/2016;07:00:00;76.1605016664925
11/02/2016;08:00:00;76.3457832068466
11/02/2016;09:00:00;76.1455176655427
11/02/2016;10:00:00;76.1553125370112
11/02/2016;11:00:00;76.1939670250489
11/02/2016;12:00:00;75.6885115131386
11/02/2016;13:00:00;75.8324163521139
11/02/2016;14:00:00;75.6726119528174
11/02/2016;15:00:00;75.7437468378303
11/02/2016;16:00:00;75.940299150384
11/02/2016;17:00:00;75.690103118442
11/02/2016;18:00:00;75.6859085646674
11/02/2016;19:00:00;76.3580850912537
11/02/2016;20:00:00;76.125464770141
11/02/2016;21:00:00;75.9790532161987
11/02/2016;22:00:00;76.1912846189139
11/02/2016;23:00:00;76.1426859032773
11/03/2016;00:00:00;76.1934034876347
11/03/2016;01:00:00;76.3103812391175
11/03/2016;02:00:00;76.0887459239017
11/03/2016;03:00:00;76.1093580772125
11/03/2016;04:00:00;76.1232778564438
11/03/2016;05:00:00;76.0168009291899
11/03/2016;06:00:00;76.0027530581238
11/03/2016;07:00:00;75.9872897289214
11/03/2016;08:00:00;76.0654400413281
11/03/2016;09:00:00;76.0065215874385
11/03/2016;10:00:00;76.0025183831058
11/03/2016;11:00:00;76.107169152841
11/03/2016;12:00:00;75.7737969807112
11/03/2016;13:00:00;75.4163047439076
11/03/2016;14:00:00;75.1004120250425
11/03/2016;15:00:00;75.4227035730238
11/03/2016;16:00:00;75.3756291035698
11/03/2016;17:00:00;75.3018330865656
11/03/2016;18:00:00;75.3766597458171
11/03/2016;19:00:00;75.3775393895837
11/03/2016;20:00:00;75.5087948912657
11/03/2016;21:00:00;75.5466056375669
11/03/2016;22:00:00;75.3451226141844
11/03/2016;23:00:00;75.7982272315808
11/04/2016;00:00:00;75.5471705778226
11/04/2016;01:00:00;75.0193929472855
11/04/2016;02:00:00;75.1453982063145
11/04/2016;03:00:00;75.4394525258399
11/04/2016;04:00:00;75.3752875961852
11/04/2016;05:00:00;75.1876732320374
11/04/2016;06:00:00;74.884312688395
11/04/2016;07:00:00;75.0787848242489
11/04/2016;08:00:00;75.0542432108696
11/04/2016;09:00:00;75.0838602811593
11/04/2016;10:00:00;74.9933360253445
11/04/2016;11:00:00;75.0514194476366
11/04/2016;12:00:00;75.0860295098326
11/04/2016;13:00:00;74.9766287714584
11/04/2016;14:00:00;74.878396128309
11/04/2016;15:00:00;74.8851089924506
11/04/2016;16:00:00;74.8295079587372
11/04/2016;17:00:00;74.8513022362003
11/04/2016;18:00:00;74.9461684152506
11/04/2016;19:00:00;75.0793751185789
11/04/2016;20:00:00;74.9547483714838
11/04/2016;21:00:00;74.9395419394823
11/04/2016;22:00:00;75.1650870354044
11/04/2016;23:00:00;74.9777367465687
11/05/2016;00:00:00;75.2591612494577
11/05/2016;01:00:00;75.1367136237219
11/05/2016;02:00:00;75.2326339587423
11/05/2016;03:00:00;75.6092371135805
11/05/2016;04:00:00;75.3220205710483
11/05/2016;05:00:00;75.2171528680302
11/05/2016;06:00:00;75.457065100713
11/05/2016;07:00:00;75.1519601385488
11/05/2016;08:00:00;75.3855548055379
11/05/2016;09:00:00;75.2952798723168
11/05/2016;10:00:00;75.1303969054888
11/05/2016;11:00:00;75.2132596612051
11/05/2016;12:00:00;74.819240998035
11/05/2016;13:00:00;74.9182408648883
11/05/2016;14:00:00;74.7818036017417
11/05/2016;15:00:00;74.9373381052007
11/05/2016;16:00:00;74.7429594555575
11/05/2016;17:00:00;74.4755785953705
11/05/2016;18:00:00;74.6455397934114
11/05/2016;19:00:00;74.5412283027574
11/05/2016;20:00:00;74.4314920776694
11/05/2016;21:00:00;74.299997662485
11/05/2016;22:00:00;74.0940170319366
11/05/2016;23:00:00;74.1406096916936
11/06/2016;00:00:00;74.0982371044849
11/06/2016;01:00:00;73.7925035880625
11/06/2016;02:00:00;74.0451730592417
11/06/2016;03:00:00;73.8808924379561
11/06/2016;04:00:00;74.1790261424171
11/06/2016;05:00:00;73.9783627036147
11/06/2016;06:00:00;74.2516871182499
11/06/2016;07:00:00;74.4831797843392
11/06/2016;08:00:00;74.5228295476085
11/06/2016;09:00:00;73.9996655962461
11/06/2016;10:00:00;73.8414782080809
11/06/2016;11:00:00;74.0334464523609
11/06/2016;12:00:00;73.9636002105773
11/06/2016;13:00:00;73.8615423510077
11/06/2016;14:00:00;73.9302652419356
11/06/2016;15:00:00;74.0000148146543
11/06/2016;16:00:00;73.9144339277115
11/06/2016;17:00:00;73.8276901902559
11/06/2016;18:00:00;74.0293145527382
11/06/2016;19:00:00;74.1462773845365
11/06/2016;20:00:00;73.9646881495935
11/06/2016;21:00:00;73.9867115978394
11/06/2016;22:00:00;73.939303997939
11/06/2016;23:00:00;74.0233610623375
11/07/2016;00:00:00;74.04547328196
11/07/2016;01:00:00;74.0271696576209
11/07/2016;02:00:00;73.6393105782641
11/07/2016;03:00:00;73.7017788942915
11/07/2016;04:00:00;73.6594387331874
11/07/2016;05:00:00;73.6236717937013
11/07/2016;06:00:00;73.6245289238962
11/07/2016;07:00:00;73.9384285252173
11/07/2016;08:00:00;74.3779100741101
11/07/2016;09:00:00;73.5941217674755
11/07/2016;10:00:00;74.266406250916
11/07/2016;11:00:00;74.4346568378639
11/07/2016;12:00:00;74.3462802283551
11/07/2016;13:00:00;74.3316507816641
11/07/2016;14:00:00;73.9528679818256
11/07/2016;15:00:00;74.5177173324993
11/07/2016;16:00:00;74.1552594095624
11/07/2016;17:00:00;74.2666971384509
11/07/2016;18:00:00;74.2430172302804
11/07/2016;19:00:00;74.187043381735
11/07/2016;20:00:00;74.3054742658661
11/07/2016;21:00:00;74.2055143270146
11/07/2016;22:00:00;70.9249145682891
11/07/2016;23:00:00;65.2204217211999
11/08/2016;00:00:00;60.8231968854372
11/08/2016;01:00:00;60.7592212169529
11/08/2016;02:00:00;57.2455844844017
11/08/2016;03:00:00;60.6740177728699
11/08/2016;04:00:00;57.7765819317675
11/08/2016;05:00:00;57.7755052996369
11/08/2016;06:00:00;57.8086613054197
11/08/2016;07:00:00;57.6876101689895
11/08/2016;08:00:00;57.7732173286425
11/08/2016;09:00:00;57.6452220021775
11/08/2016;10:00:00;57.6980540723511
11/08/2016;11:00:00;55.4876114644692
11/08/2016;12:00:00;1.29031124244942
11/08/2016;13:00:00;4.82631177672424
11/08/2016;14:00:00;6.61121592136397
11/08/2016;15:00:00;4.36569003565801
11/08/2016;16:00:00;5.22731727067557
11/08/2016;17:00:00;3.15895255374741
11/08/2016;18:00:00;1.82000772813135
11/08/2016;19:00:00;1.71527114553965
11/08/2016;20:00:00;0.843220162641352
11/08/2016;21:00:00;1.82038520364669
11/08/2016;22:00:00;1.88146425708925
11/08/2016;23:00:00;2.36333731457502
11/09/2016;00:00:00;2.33043449791137
11/09/2016;01:00:00;2.43802103530924
11/09/2016;02:00:00;2.46726397704914
11/09/2016;03:00:00;2.34364934911248
11/09/2016;04:00:00;2.42258419625757
11/09/2016;05:00:00;2.44473572718511
11/09/2016;06:00:00;2.34725538259357
11/09/2016;07:00:00;2.9979693746384
11/09/2016;08:00:00;3.53239951541696
11/09/2016;09:00:00;3.55145447997217
11/09/2016;10:00:00;3.38660673621502
11/09/2016;11:00:00;3.24220459354795
11/09/2016;12:00:00;11.929236040371
11/09/2016;13:00:00;14.283221147619
11/09/2016;14:00:00;14.5442657427861
11/09/2016;15:00:00;5.34533913476111
11/09/2016;16:00:00;0.864544102772564
11/09/2016;17:00:00;0.948781708379323
11/09/2016;18:00:00;1.06192685493043
11/09/2016;19:00:00;0.831524503046902
11/09/2016;20:00:00;0.982157597227373
11/09/2016;21:00:00;0.891828765633213
11/09/2016;22:00:00;0.748829737120177
11/09/2016;23:00:00;0.70353782919049
11/10/2016;00:00:00;0.669206225445944
11/10/2016;01:00:00;0.664486670146484
11/10/2016;02:00:00;0.639488009324756
11/10/2016;03:00:00;0.552705669877747
11/10/2016;04:00:00;0.498663184513175
11/10/2016;05:00:00;0.519877625053216
11/10/2016;06:00:00;0.514287437202238
11/10/2016;07:00:00;0.490502699216361
11/10/2016;08:00:00;0.483404351316305
11/10/2016;09:00:00;0.484771506708184
11/10/2016;10:00:00;0.47863273862012
11/10/2016;11:00:00;0.506569216998098
11/10/2016;12:00:00;1.16866949896729
11/10/2016;13:00:00;1.79226799858758
11/10/2016;14:00:00;1.36827288459086
11/10/2016;15:00:00;1.28711768099671
11/10/2016;16:00:00;1.26600226138453
11/10/2016;17:00:00;1.07789838688623
11/10/2016;18:00:00;0.810621957479584
11/10/2016;19:00:00;0.656985286074912
11/10/2016;20:00:00;0.619788947771916
11/10/2016;21:00:00;0.622655338367769
11/10/2016;22:00:00;0.66219803063051
11/10/2016;23:00:00;0.711652544042876
11/11/2016;00:00:00;0.676208861907602
11/11/2016;01:00:00;0.634301340735581
11/11/2016;02:00:00;0.634768087135275
11/11/2016;03:00:00;0.620144509143737
11/11/2016;04:00:00;0.706175514769272
11/11/2016;05:00:00;0.67077857686107
11/11/2016;06:00:00;0.64712858321736
11/11/2016;07:00:00;0.649755891948021
11/11/2016;08:00:00;0.601410245035275
11/11/2016;09:00:00;0.645812086022529
11/11/2016;10:00:00;0.309663829737034
11/11/2016;11:00:00;0.0539407910515767
11/11/2016;12:00:00;0.0689409058957351
11/11/2016;13:00:00;0.0616913024453951
11/11/2016;14:00:00;0.0651402292955071
11/11/2016;15:00:00;0.0691533613286535
11/11/2016;16:00:00;0.0673998753217905
11/11/2016;17:00:00;0.0654843430049807
11/11/2016;18:00:00;0.0666077746940145
11/11/2016;19:00:00;0.0779069545628258
11/11/2016;20:00:00;0.0884554622562599
11/11/2016;21:00:00;0.109044353479051
11/11/2016;22:00:00;0.0968697352063463
11/11/2016;23:00:00;0.070807249271113
11/12/2016;00:00:00;0.079969666775641
11/12/2016;01:00:00;0.0753663738409484
11/12/2016;02:00:00;0.0788108461308341
11/12/2016;03:00:00;0.081858275291126
11/12/2016;04:00:00;0.0793840911276633
11/12/2016;05:00:00;0.0778096062981317
11/12/2016;06:00:00;0.0921750286824522
11/12/2016;07:00:00;0.0924268379224107
11/12/2016;08:00:00;0.0871014083433893
11/12/2016;09:00:00;0.0795379490872837
11/12/2016;10:00:00;0.0830022716113085
11/12/2016;11:00:00;0.0870870471620299
11/12/2016;12:00:00;0.0971164216948885
11/12/2016;13:00:00;0.101547288229298
11/12/2016;14:00:00;0.105679357764053
11/12/2016;15:00:00;0.0984312301124202
11/12/2016;16:00:00;0.0907346384033689
11/12/2016;17:00:00;0.100424730619296
11/12/2016;18:00:00;0.0796079199383823
11/12/2016;19:00:00;0.0834535986206701
11/12/2016;20:00:00;0.0785024676529251
11/12/2016;21:00:00;0.0801896232156008
11/12/2016;22:00:00;0.0989733344370574
11/12/2016;23:00:00;0.0951595712552682
11/13/2016;00:00:00;0.0909055459355266
11/13/2016;01:00:00;0.086190924215733
11/13/2016;02:00:00;0.125792668894028
11/13/2016;03:00:00;0.102725717492647
11/13/2016;04:00:00;0.0872268752108703
11/13/2016;05:00:00;0.122456873255067
11/13/2016;06:00:00;0.135345540300917
11/13/2016;07:00:00;0.125754321600558
11/13/2016;08:00:00;0.116388819053792
11/13/2016;09:00:00;0.108719979426885
11/13/2016;10:00:00;0.0997657406675085
11/13/2016;11:00:00;0.0924326183541565
11/13/2016;12:00:00;0.0931446762135063
11/13/2016;13:00:00;0.0904424615222951
11/13/2016;14:00:00;0.0901348639913482
11/13/2016;15:00:00;0.091255440449439
11/13/2016;16:00:00;0.0832083457526879
11/13/2016;17:00:00;0.0940050966372427
11/13/2016;18:00:00;0.0868737466175216
11/13/2016;19:00:00;0.0957956978523076
11/13/2016;20:00:00;0.0960437066066431
11/13/2016;21:00:00;0.0911083549986877
11/13/2016;22:00:00;0.0971306949326656
11/13/2016;23:00:00;0.0864692642794454
11/14/2016;00:00:00;0.0883465483295758
11/14/2016;01:00:00;0.0900666301159665
11/14/2016;02:00:00;0.0981556453053003
11/14/2016;03:00:00;0.0945796307704195
11/14/2016;04:00:00;0.115863792548639
11/14/2016;05:00:00;0.0950793454338931
11/14/2016;06:00:00;0.100659803386632
11/14/2016;07:00:00;0.112162072933014
11/14/2016;08:00:00;0.133175648028827
11/14/2016;09:00:00;0.120546070414173
11/14/2016;10:00:00;0.131336100255002
11/14/2016;11:00:00;0.112430333395618
11/14/2016;12:00:00;0.09209115333122
11/14/2016;13:00:00;0.101982481684894
11/14/2016;14:00:00;0.112411655236873
11/14/2016;15:00:00;0.0769905642682771
11/14/2016;16:00:00;0.080724982978171
11/14/2016;17:00:00;0.0934484662718737
11/14/2016;18:00:00;0.0712322075249402
11/14/2016;19:00:00;0.0820931684947349
11/14/2016;20:00:00;0.0960973293163272
11/14/2016;21:00:00;0.124854186467562
11/14/2016;22:00:00;0.0704227710327116
11/14/2016;23:00:00;0.0700906225762836
11/15/2016;00:00:00;0.0689544247681509
11/15/2016;01:00:00;0.076728500413396
11/15/2016;02:00:00;0.069373106118656
11/15/2016;03:00:00;0.073169392093289
11/15/2016;04:00:00;0.0682464588672443
11/15/2016;05:00:00;0.0684902202103219
11/15/2016;06:00:00;0.0590008010885314
11/15/2016;07:00:00;0.0881106311710312
11/15/2016;08:00:00;0.0896507528933949
11/15/2016;09:00:00;0.111581437871802
11/15/2016;10:00:00;0.0844124984001458
11/15/2016;11:00:00;0.10019595334041
11/15/2016;12:00:00;0.0920637431091049
11/15/2016;13:00:00;0.0971989018288338
11/15/2016;14:00:00;0.0988571309174306
11/15/2016;15:00:00;0.0996758949265851
11/15/2016;16:00:00;0.107472962316225
11/15/2016;17:00:00;0.106042769149461
11/15/2016;18:00:00;0.12055160161497
11/15/2016;19:00:00;0.0449270053091439
11/15/2016;20:00:00;0.0785702921880088
11/15/2016;21:00:00;0.105315717939744
11/15/2016;22:00:00;0.105527012203396
11/15/2016;23:00:00;0.105286114404416
11/16/2016;00:00:00;0.104093090076998
11/16/2016;01:00:00;0.0946325807079515
11/16/2016;02:00:00;0.0796376177201304
11/16/2016;03:00:00;0.0795934287118311
11/16/2016;04:00:00;0.0795055736701586
11/16/2016;05:00:00;0.0785802284006823
11/16/2016;06:00:00;0.0813104881441852
11/16/2016;07:00:00;0.0771015991069485
11/16/2016;08:00:00;0.0962706209895245
11/16/2016;09:00:00;0.0834469944433684
11/16/2016;10:00:00;0.109859531138546
11/16/2016;11:00:00;0.1121306913913
11/16/2016;12:00:00;0.087174903723434
11/16/2016;13:00:00;0.136973420624142
11/16/2016;14:00:00;0.112263288572425
11/16/2016;15:00:00;0.10101225953129
11/16/2016;16:00:00;0.0738924573368576
11/16/2016;17:00:00;0.0551356524756485
11/16/2016;18:00:00;0.0613245602834504
11/16/2016;19:00:00;0.0657480999717911
11/16/2016;20:00:00;0.0812577314750402
11/16/2016;21:00:00;0.0742419467897242
11/16/2016;22:00:00;0.0692066358581531
11/16/2016;23:00:00;0.0660923187234569
11/17/2016;00:00:00;0.0758314300823331
11/17/2016;01:00:00;0.0992640264462289
11/17/2016;02:00:00;0.0789628996382798
11/17/2016;03:00:00;0.0701696603277836
11/17/2016;04:00:00;0.0778367545167676
11/17/2016;05:00:00;0.065149149495812
11/17/2016;06:00:00;0.0685913957367904
11/17/2016;07:00:00;0.0520971956615448
11/17/2016;08:00:00;0.0867251493999073
11/17/2016;09:00:00;0.0751956239428027
11/17/2016;10:00:00;0.0730549576629553
11/17/2016;11:00:00;0.0721185067792232
11/17/2016;12:00:00;0.0701499357256629
11/17/2016;13:00:00;0.0668716547668532
11/17/2016;14:00:00;0.0534778214980338
11/17/2016;15:00:00;0.0599029241962097
11/17/2016;16:00:00;0.0694874439242106
11/17/2016;17:00:00;0.0599564962264333
11/17/2016;18:00:00;0.076095237991374
11/17/2016;19:00:00;0.0860306839234371
11/17/2016;20:00:00;0.0546628545335682
11/17/2016;21:00:00;0.0705416220305258
11/17/2016;22:00:00;0.0905872653776879
11/17/2016;23:00:00;0.0931516671237935
11/18/2016;00:00:00;0.0817950683258818
11/18/2016;01:00:00;0.0875963417414821
11/18/2016;02:00:00;0.0909290912260685
11/18/2016;03:00:00;0.102596701461286
11/18/2016;04:00:00;0.0637131301839059
11/18/2016;05:00:00;0.0879656001137621
11/18/2016;06:00:00;0.0823672969141219
11/18/2016;07:00:00;0.0906787943097088
11/18/2016;08:00:00;0.0925218852498113
11/18/2016;09:00:00;0.0746691878374013
11/18/2016;10:00:00;0.120837074003928
11/18/2016;11:00:00;0.100925727139734
11/18/2016;12:00:00;0.0978344703828767
11/18/2016;13:00:00;0.0842085486450934
11/18/2016;14:00:00;0.0626264856333301
11/18/2016;15:00:00;0.0751518477508834
11/18/2016;16:00:00;0.114826927174028
11/18/2016;17:00:00;0.0629399034238272
11/18/2016;18:00:00;0.0701088596736223
11/18/2016;19:00:00;0.0948163165454382
11/18/2016;20:00:00;0.0852496723376405
11/18/2016;21:00:00;0.0740062905505711
11/18/2016;22:00:00;0.0386279427901361
11/18/2016;23:00:00;0.0635134015710663
11/19/2016;00:00:00;0.0763851934847719
11/19/2016;01:00:00;0.105296794432641
11/19/2016;02:00:00;0.106379799663254
11/19/2016;03:00:00;0.071671576481934
11/19/2016;04:00:00;0.0665647415602207
11/19/2016;05:00:00;0.0644057091501328
11/19/2016;06:00:00;0.0896641456110862
11/19/2016;07:00:00;0.0815610447503861
11/19/2016;08:00:00;0.0490232329019144
11/19/2016;09:00:00;0.122401186829975
11/19/2016;10:00:00;0.089000905549591
11/19/2016;11:00:00;0.0735946263688191
11/19/2016;12:00:00;0.0776401175482754
11/19/2016;13:00:00;0.0474030874693088
11/19/2016;14:00:00;0.116097818595238
11/19/2016;15:00:00;0.118244783629905
11/19/2016;16:00:00;0.124135510875902
11/19/2016;17:00:00;0.139635567247645
11/19/2016;18:00:00;0.139032646586753
11/19/2016;19:00:00;0.121670407763673
11/19/2016;20:00:00;0.150922364118773
11/19/2016;21:00:00;0.112743806762678
11/19/2016;22:00:00;0.112803810128039
11/19/2016;23:00:00;0.124618340838052
11/20/2016;00:00:00;0.152296056863407
11/20/2016;01:00:00;0.141257093200896
11/20/2016;02:00:00;0.108701702669127
11/20/2016;03:00:00;0.0845365318678395
11/20/2016;04:00:00;0.147322352956873
11/20/2016;05:00:00;0.102078500605217
11/20/2016;06:00:00;0.0784309854406153
11/20/2016;07:00:00;0.0916771321526165
11/20/2016;08:00:00;0.0907131534889164
11/20/2016;09:00:00;0.0929212298151901
11/20/2016;10:00:00;0.115139926910383
11/20/2016;11:00:00;0.13627040542365
11/20/2016;12:00:00;0.135510666880414
11/20/2016;13:00:00;0.136516612006596
11/20/2016;14:00:00;0.137126754187524
11/20/2016;15:00:00;0.130854824603894
11/20/2016;16:00:00;0.13793888308951
11/20/2016;17:00:00;0.131576675656087
11/20/2016;18:00:00;0.143014658086962
11/20/2016;19:00:00;0.129188080038752
11/20/2016;20:00:00;0.127453606607665
11/20/2016;21:00:00;0.130829325227597
11/20/2016;22:00:00;0.132059933295324
11/20/2016;23:00:00;0.145056781190629
11/21/2016;00:00:00;0.135781446548995
11/21/2016;01:00:00;0.125297416620006
11/21/2016;02:00:00;0.129756501133179
11/21/2016;03:00:00;0.125290925251623
11/21/2016;04:00:00;0.141045647168969
11/21/2016;05:00:00;0.129602934765637
11/21/2016;06:00:00;0.121828104951494
11/21/2016;07:00:00;0.132236258933645
11/21/2016;08:00:00;0.126364861178646
11/21/2016;09:00:00;0.151944717478542
11/21/2016;10:00:00;0.1401738852833
11/21/2016;11:00:00;0.154138615925376
11/21/2016;12:00:00;0.139252440625712
11/21/2016;13:00:00;0.130899059240245
11/21/2016;14:00:00;0.113467020839241
11/21/2016;15:00:00;0.124829028400995
11/21/2016;16:00:00;0.130665909756771
11/21/2016;17:00:00;0.144533363792973
11/21/2016;18:00:00;0.130625605864226
11/21/2016;19:00:00;0.127374678677607
11/21/2016;20:00:00;0.124202900386924
11/21/2016;21:00:00;0.128347280818387
11/21/2016;22:00:00;0.118242731176532
11/21/2016;23:00:00;0.123862940528251
11/22/2016;00:00:00;0.136962835398968
11/22/2016;01:00:00;0.13368973022898
11/22/2016;02:00:00;0.133340387082522
11/22/2016;03:00:00;0.137862643861785
11/22/2016;04:00:00;0.152015942981147
11/22/2016;05:00:00;0.143662695485629
11/22/2016;06:00:00;0.123966323712914
11/22/2016;07:00:00;0.0917291097994874
11/22/2016;08:00:00;0.0729558617636716
11/22/2016;09:00:00;0.00990843312283377
11/22/2016;10:00:00;0.0401714150864353
11/22/2016;11:00:00;0.133460267856
11/22/2016;12:00:00;0.150411416232547
11/22/2016;13:00:00;0.145198461224875
11/22/2016;14:00:00;0.146609042717804
11/22/2016;15:00:00;0.135272139255291
11/22/2016;16:00:00;0.128023853193369
11/22/2016;17:00:00;0.120775567131447
11/22/2016;18:00:00;0.11757151241732
11/22/2016;19:00:00;0.118922653204277
11/22/2016;20:00:00;0.120277766326784
11/22/2016;21:00:00;0.12163287944929
11/22/2016;22:00:00;0.123254364403908
11/22/2016;23:00:00;0.130493347105544
11/23/2016;00:00:00;0.122851791924953
11/23/2016;01:00:00;0.11530310594619
11/23/2016;02:00:00;0.113710883823755
11/23/2016;03:00:00;0.113871282009205
11/23/2016;04:00:00;0.114031680194656
11/23/2016;05:00:00;0.114304411177648
11/23/2016;06:00:00;0.119969013090124
11/23/2016;07:00:00;0.128602982700324
11/23/2016;08:00:00;0.138469341259973
11/23/2016;09:00:00;0.147925334830175
11/23/2016;10:00:00;0.159070353099523
11/23/2016;11:00:00;0.160628291927147
11/23/2016;12:00:00;0.150387928241774
11/23/2016;13:00:00;0.140436245545588
11/23/2016;14:00:00;0.130952448018459
11/23/2016;15:00:00;0.123640849264155
11/23/2016;16:00:00;0.117164423729255
11/23/2016;17:00:00;0.11552127313721
11/23/2016;18:00:00;0.114989419516085
11/23/2016;19:00:00;0.11445756589496
11/23/2016;20:00:00;0.114134893228779
11/23/2016;21:00:00;0.117053735054425
11/23/2016;22:00:00;0.121079536560802
11/23/2016;23:00:00;0.12380716586006
11/24/2016;00:00:00;0.123833882121483
11/24/2016;01:00:00;0.116652628961111
11/24/2016;02:00:00;0.109262911419356
11/24/2016;03:00:00;0.109464205936878
11/24/2016;04:00:00;0.118697955738361
11/24/2016;05:00:00;0.126218447839969
11/24/2016;06:00:00;0.124605397145638
11/24/2016;07:00:00;0.108629505279083
11/24/2016;08:00:00;0.138157862784016
11/24/2016;09:00:00;0.102410622552592
11/24/2016;10:00:00;0.13092649070991
11/24/2016;11:00:00;0.139106288363396
11/24/2016;12:00:00;0.135931052542704
11/24/2016;13:00:00;0.132581625323848
11/24/2016;14:00:00;0.141801686782774
11/24/2016;15:00:00;0.122582202931992
11/24/2016;16:00:00;0.115561352707632
11/24/2016;17:00:00;0.126010183631461
11/24/2016;18:00:00;0.118453438793636
11/24/2016;19:00:00;0.0977728431473494
11/24/2016;20:00:00;0.112512876550984
11/24/2016;21:00:00;0.115410528294847
11/24/2016;22:00:00;0.11185770411528
11/24/2016;23:00:00;0.109683000689407
11/25/2016;00:00:00;0.0936164347740153
11/25/2016;01:00:00;0.0850665097321481
11/25/2016;02:00:00;0.109276124489362
11/25/2016;03:00:00;0.106763460189841
11/25/2016;04:00:00;0.103476773992344
11/25/2016;05:00:00;0.154204511646713
11/25/2016;06:00:00;0.152497620096453
11/25/2016;07:00:00;1.07089439252459
11/25/2016;08:00:00;0.123003811288277
11/25/2016;09:00:00;0.113918022005666
11/25/2016;10:00:00;0.129867544007307
11/25/2016;11:00:00;0.139753771801519
11/25/2016;12:00:00;0.745724269948051
11/25/2016;13:00:00;2.59695361755667
11/25/2016;14:00:00;0.318962458323936
11/25/2016;15:00:00;0.145795562678402
11/25/2016;16:00:00;0.110262719083267
11/25/2016;17:00:00;0.11568834734452
11/25/2016;18:00:00;0.0759401773785797
11/25/2016;19:00:00;0.034100352219302
11/25/2016;20:00:00;0.0321876556986955
11/25/2016;21:00:00;0.0251571886185318
11/25/2016;22:00:00;0.0187587406603374
11/25/2016;23:00:00;0.0254668161371966
11/26/2016;00:00:00;0.0273780726228869
11/26/2016;01:00:00;0.0296500259576559
11/26/2016;02:00:00;0.0334270533641558
11/26/2016;03:00:00;0.0346170414914469
11/26/2016;04:00:00;0.0272052675166009
11/26/2016;05:00:00;0.0301012641837556
11/26/2016;06:00:00;0.0519685107724947
11/26/2016;07:00:00;0.0969928810457066
11/26/2016;08:00:00;0.0756296106894292
11/26/2016;09:00:00;0.0821135837564616
11/26/2016;10:00:00;0.0727011090393783
11/26/2016;11:00:00;0.104694176411957
11/26/2016;12:00:00;0.129837393552431
11/26/2016;13:00:00;0.119833572535195
11/26/2016;14:00:00;0.104605750974745
11/26/2016;15:00:00;0.102352251740692
11/26/2016;16:00:00;0.0899114634367785
11/26/2016;17:00:00;0.0934626088356067
11/26/2016;18:00:00;0.0994610221203943
11/26/2016;19:00:00;0.125105376769209
11/26/2016;20:00:00;0.118212328153137
11/26/2016;21:00:00;0.11100573685329
11/26/2016;22:00:00;0.101448717739429
11/26/2016;23:00:00;0.110221036840181
11/27/2016;00:00:00;0.108665841237556
11/27/2016;01:00:00;0.114235401896824
11/27/2016;02:00:00;0.128537853215573
11/27/2016;03:00:00;0.104923845044745
11/27/2016;04:00:00;0.110454943325524
11/27/2016;05:00:00;0.113344555205768
11/27/2016;06:00:00;0.122771880641135
11/27/2016;07:00:00;0.119492754613861
11/27/2016;08:00:00;0.127475537161412
11/27/2016;09:00:00;0.110590522263393
11/27/2016;10:00:00;0.112048683108758
11/27/2016;11:00:00;0.112001206886118
11/27/2016;12:00:00;0.107522452034188
11/27/2016;13:00:00;0.107436608131105
11/27/2016;14:00:00;0.0996718308328116
11/27/2016;15:00:00;0.105112127164505
11/27/2016;16:00:00;0.105539840619197
11/27/2016;17:00:00;0.109084220582722
11/27/2016;18:00:00;0.0971586709091709
11/27/2016;19:00:00;0.105111051789321
11/27/2016;20:00:00;0.111968354344091
11/27/2016;21:00:00;0.115519592039019
11/27/2016;22:00:00;0.112332771600102
11/27/2016;23:00:00;0.110976507709279
11/28/2016;00:00:00;0.12316111677439
11/28/2016;01:00:00;0.115413391970815
11/28/2016;02:00:00;0.120179885044802
11/28/2016;03:00:00;0.127670454151465
11/28/2016;04:00:00;0.136409588471709
11/28/2016;05:00:00;0.155148914215548
11/28/2016;06:00:00;0.1594176692241
11/28/2016;07:00:00;0.16110941009605
11/28/2016;08:00:00;0.158217443339942
11/28/2016;09:00:00;0.148844050996998
11/28/2016;10:00:00;0.131753478251113
11/28/2016;11:00:00;0.102319183001936
11/28/2016;12:00:00;0.106348865640579
11/28/2016;13:00:00;0.118598379112037
11/28/2016;14:00:00;0.129615880684848
11/28/2016;15:00:00;0.11636823608891
11/28/2016;16:00:00;0.14329337901948
11/28/2016;17:00:00;0.145208868749554
11/28/2016;18:00:00;0.159334829142973
11/28/2016;19:00:00;0.177793526103301
11/28/2016;20:00:00;0.189519991359324
11/28/2016;21:00:00;0.183976318213216
11/28/2016;22:00:00;0.194529684769505
11/28/2016;23:00:00;0.185776498883439
11/29/2016;00:00:00;0.197003277508623
11/29/2016;01:00:00;0.180553242729861
11/29/2016;02:00:00;0.180050107691523
11/29/2016;03:00:00;0.177597422288238
11/29/2016;04:00:00;0.194107830269221
11/29/2016;05:00:00;0.201681901088514
11/29/2016;06:00:00;0.192283688303581
11/29/2016;07:00:00;0.202196956917874
11/29/2016;08:00:00;0.213073254437971
11/29/2016;09:00:00;0.205865684073526
11/29/2016;10:00:00;0.214113630471031
11/29/2016;11:00:00;0.20350419957245
11/29/2016;12:00:00;0.192539152006337
11/29/2016;13:00:00;0.184213258013753
11/29/2016;14:00:00;1.86212768610826
11/29/2016;15:00:00;0.177450631106998
11/29/2016;16:00:00;0.18189854867895
11/29/2016;17:00:00;0.174845929613978
11/29/2016;18:00:00;0.173091094971053
11/29/2016;19:00:00;0.183294771235178
11/29/2016;20:00:00;0.180475357417976
11/29/2016;21:00:00;0.185068974609876
11/29/2016;22:00:00;0.182999706929793
11/29/2016;23:00:00;0.17042545781804
11/30/2016;00:00:00;0.248392255768434
11/30/2016;01:00:00;0.237301241455585
11/30/2016;02:00:00;0.252128241326372
11/30/2016;03:00:00;0.236207509839778
11/30/2016;04:00:00;0.270508630255811
11/30/2016;05:00:00;0.296684512921424
11/30/2016;06:00:00;0.270585072842494
11/30/2016;07:00:00;0.266024838963474
11/30/2016;08:00:00;0.272628384657878
11/30/2016;09:00:00;0.278537021204318
11/30/2016;10:00:00;0.280714614159735
11/30/2016;11:00:00;0.271804474369696
11/30/2016;12:00:00;0.232287081434822
11/30/2016;13:00:00;0.193693334578424
11/30/2016;14:00:00;0.191666502353309
11/30/2016;15:00:00;0.189931195002573
11/30/2016;16:00:00;0.18622722250783
11/30/2016;17:00:00;0.182906874968259
11/30/2016;18:00:00;0.192728587289878
11/30/2016;19:00:00;0.210748447891091
11/30/2016;20:00:00;0.18296615902761
11/30/2016;21:00:00;0.176420607677146
11/30/2016;22:00:00;0.172798545615284
11/30/2016;23:00:00;0.169437894507499
12/01/2016;00:00:00;0.167169692572173
12/01/2016;01:00:00;0.168236685341001
12/01/2016;02:00:00;0.155261987545392
12/01/2016;03:00:00;0.152091421724746
12/01/2016;04:00:00;0.142849087951122
12/01/2016;05:00:00;0.16105044227182
12/01/2016;06:00:00;0.140158789655446
12/01/2016;07:00:00;0.137376362381469
12/01/2016;08:00:00;0.121954145192643
12/01/2016;09:00:00;0.103303081996463
12/01/2016;10:00:00;0.107515931871155
12/01/2016;11:00:00;0.109608491485599
12/01/2016;12:00:00;0.105454672574702
12/01/2016;13:00:00;0.115470288270976
12/01/2016;14:00:00;0.0975506428099022
12/01/2016;15:00:00;0.0889106393328787
12/01/2016;16:00:00;0.0896341476917018
12/01/2016;17:00:00;0.0923694564441967
12/01/2016;18:00:00;0.0869458055831574
12/01/2016;19:00:00;0.0900216474538755
12/01/2016;20:00:00;0.0964418772514025
12/01/2016;21:00:00;0.0867012549593455
12/01/2016;22:00:00;0.107835895403816
12/01/2016;23:00:00;0.101590917797389
12/02/2016;00:00:00;0.115762036570935
12/02/2016;01:00:00;0.103090129662403
12/02/2016;02:00:00;0.125743908905382
12/02/2016;03:00:00;0.201927159213106
12/02/2016;04:00:00;0.227938276398954
12/02/2016;05:00:00;0.203198991158043
12/02/2016;06:00:00;0.1891710098279
12/02/2016;07:00:00;0.189318171086777
12/02/2016;08:00:00;0.169700970809163
12/02/2016;09:00:00;0.168653866343889
12/02/2016;10:00:00;0.188345626034635
12/02/2016;11:00:00;0.187460526064756
12/02/2016;12:00:00;0.197052064669322
12/02/2016;13:00:00;0.199405915980162
12/02/2016;14:00:00;0.204178173493228
12/02/2016;15:00:00;0.218130868167786
12/02/2016;16:00:00;0.223311100898485
12/02/2016;17:00:00;0.22044835867721
12/02/2016;18:00:00;0.203158975249914
12/02/2016;19:00:00;0.194763253363872
12/02/2016;20:00:00;0.200141988446068
12/02/2016;21:00:00;0.204674665263623
12/02/2016;22:00:00;0.210846896154339
12/02/2016;23:00:00;0.224969761446546
12/03/2016;00:00:00;0.2222020387734
12/03/2016;01:00:00;0.218106551406549
12/03/2016;02:00:00;0.226332660734306
12/03/2016;03:00:00;0.236879729113004
12/03/2016;04:00:00;0.230548954967357
12/03/2016;05:00:00;0.231708914798795
12/03/2016;06:00:00;0.231929856202551
12/03/2016;07:00:00;0.213305655343414
12/03/2016;08:00:00;0.216551584355964
12/03/2016;09:00:00;0.221418289934634
12/03/2016;10:00:00;0.228471644429596
12/03/2016;11:00:00;0.230567009583006
12/03/2016;12:00:00;0.227660749819135
12/03/2016;13:00:00;0.223227106528026
12/03/2016;14:00:00;0.213925702071678
12/03/2016;15:00:00;0.21093994860109
12/03/2016;16:00:00;0.224268390116948
12/03/2016;17:00:00;0.216795129703531
12/03/2016;18:00:00;0.220456107639285
12/03/2016;19:00:00;0.226869529300822
12/03/2016;20:00:00;0.225014534602963
12/03/2016;21:00:00;0.229734078020262
12/03/2016;22:00:00;0.229335934595657
12/03/2016;23:00:00;0.215994664887939
12/04/2016;00:00:00;0.217283573352174
12/04/2016;01:00:00;0.203429635786194
12/04/2016;02:00:00;0.185822775695327
12/04/2016;03:00:00;0.16691733592463
12/04/2016;04:00:00;0.149649927444259
12/04/2016;05:00:00;0.154421097603005
12/04/2016;06:00:00;0.145999196178488
12/04/2016;07:00:00;0.14585622076417
12/04/2016;08:00:00;0.138189909886851
12/04/2016;09:00:00;0.111211927072713
12/04/2016;10:00:00;0.116820808887688
12/04/2016;11:00:00;0.132034600449925
12/04/2016;12:00:00;0.151586843520101
12/04/2016;13:00:00;0.158034323035094
12/04/2016;14:00:00;0.151958228712288
12/04/2016;15:00:00;0.156309790875303
12/04/2016;16:00:00;0.146122223039555
12/04/2016;17:00:00;0.134001659996354
12/04/2016;18:00:00;0.13944036971727
12/04/2016;19:00:00;0.128642654252856
12/04/2016;20:00:00;0.137075987310384
12/04/2016;21:00:00;0.169993989421414
12/04/2016;22:00:00;0.170231066516052
12/04/2016;23:00:00;0.136363940530236
12/05/2016;00:00:00;0.126525368627658
12/05/2016;01:00:00;0.12437243220781
12/05/2016;02:00:00;0.131031345199859
12/05/2016;03:00:00;0.119755336754465
12/05/2016;04:00:00;0.10950059174771
12/05/2016;05:00:00;0.110234212288774
12/05/2016;06:00:00;0.0888209422205409
12/05/2016;07:00:00;0.0805388448528124
12/05/2016;08:00:00;0.0820601492854047
12/05/2016;09:00:00;0.0717720650794913
12/05/2016;10:00:00;0.0761809435568509
12/05/2016;11:00:00;0.0885446088381185
12/05/2016;12:00:00;0.113367795736326
12/05/2016;13:00:00;0.16191855882635
12/05/2016;14:00:00;0.148644785846734
12/05/2016;15:00:00;0.165255828322219
12/05/2016;16:00:00;0.200511545931257
12/05/2016;17:00:00;0.202307528271811
12/05/2016;18:00:00;0.201401888875372
12/05/2016;19:00:00;0.237049720570638
12/05/2016;20:00:00;0.235604109242136
12/05/2016;21:00:00;0.266092129208787
12/05/2016;22:00:00;0.235852189287626
12/05/2016;23:00:00;0.229917023167568
12/06/2016;00:00:00;0.221982797265161
12/06/2016;01:00:00;0.244576342171786
12/06/2016;02:00:00;0.225583236724653
12/06/2016;03:00:00;0.201825977825496
12/06/2016;04:00:00;0.18959159167231
12/06/2016;05:00:00;0.197074485780244
12/06/2016;06:00:00;0.202050673534378
12/06/2016;07:00:00;0.202749932147354
12/06/2016;08:00:00;0.188596148442478
12/06/2016;09:00:00;0.170188375525652
12/06/2016;10:00:00;0.15023902457511
12/06/2016;11:00:00;0.119925388668265
12/06/2016;12:00:00;0.108070837140022
12/06/2016;13:00:00;0.100426007835348
12/06/2016;14:00:00;0.0981879536207429
12/06/2016;15:00:00;0.0841860261014937
12/06/2016;16:00:00;0.0924174111309038
12/06/2016;17:00:00;0.104661369475448
12/06/2016;18:00:00;0.0838830421465718
12/06/2016;19:00:00;0.08565839032586
12/06/2016;20:00:00;0.0965006475258066
12/06/2016;21:00:00;0.0822020242832415
12/06/2016;22:00:00;0.0866400258584514
12/06/2016;23:00:00;0.0741471256911058
12/07/2016;00:00:00;0.06695680713046
12/07/2016;01:00:00;0.0651474088956324
12/07/2016;02:00:00;0.0582732124752041
12/07/2016;03:00:00;0.0627994978849259
12/07/2016;04:00:00;0.0619701135609737
12/07/2016;05:00:00;0.062704130933803
12/07/2016;06:00:00;0.0529210746117313
12/07/2016;07:00:00;0.0517502119891203
12/07/2016;08:00:00;0.0571079277354048
12/07/2016;09:00:00;0.0639214647403519
12/07/2016;10:00:00;0.0613416947010597
12/07/2016;11:00:00;0.0689351662124323
12/07/2016;12:00:00;0.0989370499340917
12/07/2016;13:00:00;0.0862505908022845
12/07/2016;14:00:00;0.102457018234275
12/07/2016;15:00:00;0.12400745636134
12/07/2016;16:00:00;0.112984482358424
12/07/2016;17:00:00;0.114643627391817
12/07/2016;18:00:00;0.120737222182996
12/07/2016;19:00:00;0.13359297807511
12/07/2016;20:00:00;0.145305103262592
12/07/2016;21:00:00;0.124877493035044
12/07/2016;22:00:00;0.115808624694881
12/07/2016;23:00:00;0.128309874390966
12/08/2016;00:00:00;0.13188440127799
12/08/2016;01:00:00;0.149227309237416
12/08/2016;02:00:00;0.14061713569672
12/08/2016;03:00:00;0.131356511243413
12/08/2016;04:00:00;0.145012889267757
12/08/2016;05:00:00;0.20297521649434
12/08/2016;06:00:00;0.235448877288957
12/08/2016;07:00:00;0.257165742156818
12/08/2016;08:00:00;0.252388071251496
12/08/2016;09:00:00;0.2553671563443
12/08/2016;10:00:00;0.251058966203562
12/08/2016;11:00:00;0.243613273987071
12/08/2016;12:00:00;0.103373307526142
12/08/2016;13:00:00;0.100730066063625
12/08/2016;14:00:00;0.0966823474910594
12/08/2016;15:00:00;0.0970095279121126
12/08/2016;16:00:00;0.123690304039626
12/08/2016;17:00:00;0.11896825590585
12/08/2016;18:00:00;0.0920194200070221
12/08/2016;19:00:00;0.091882538478886
12/08/2016;20:00:00;0.0902158667780178
12/08/2016;21:00:00;0.0902324520436603
12/08/2016;22:00:00;0.0932211110459049
12/08/2016;23:00:00;0.087090808625711
12/09/2016;00:00:00;0.115056375618641
12/09/2016;01:00:00;0.109281039874156
12/09/2016;02:00:00;0.106211817252173
12/09/2016;03:00:00;0.0845767412886509
12/09/2016;04:00:00;0.109997854581004
12/09/2016;05:00:00;0.0935067630118854
12/09/2016;06:00:00;0.0952728147380305
12/09/2016;07:00:00;2.03631454431972
12/09/2016;08:00:00;0.744524339541484
12/09/2016;09:00:00;0.408533939798538
12/09/2016;10:00:00;0.103604266238878
12/09/2016;11:00:00;0.0843359816988778
12/09/2016;12:00:00;0.0906640770000948
12/09/2016;13:00:00;0.110759672221579
12/09/2016;14:00:00;0.130637336079303
12/09/2016;15:00:00;0.106402819828898
12/09/2016;16:00:00;0.393338191697137
12/09/2016;17:00:00;0.203157463056837
12/09/2016;18:00:00;0.0953789305617191
12/09/2016;19:00:00;0.101163014713595
12/09/2016;20:00:00;0.0899367351191478
12/09/2016;21:00:00;0.0866661162580283
12/09/2016;22:00:00;0.0843848383279879
12/09/2016;23:00:00;0.0931252011331462
12/10/2016;00:00:00;0.0932254057455054
12/10/2016;01:00:00;0.0870995047637558
12/10/2016;02:00:00;0.0877247187020871
12/10/2016;03:00:00;0.0763351048948158
12/10/2016;04:00:00;0.118576300932005
12/10/2016;05:00:00;0.611191400980399
12/10/2016;06:00:00;0.804980028107773
12/10/2016;07:00:00;1.18016162930298
12/10/2016;08:00:00;1.39383062637703
12/10/2016;09:00:00;4.42948020658932
12/10/2016;10:00:00;3.29637679023096
12/10/2016;11:00:00;2.63494202167144
12/10/2016;12:00:00;1.47948486115833
12/10/2016;13:00:00;1.33918067073324
12/10/2016;14:00:00;1.17529566490376
12/10/2016;15:00:00;1.10476033770211
12/10/2016;16:00:00;1.12432001495828
12/10/2016;17:00:00;1.11440833584513
12/10/2016;18:00:00;1.11370737414253
12/10/2016;19:00:00;1.11064323207106
12/10/2016;20:00:00;1.10904529236647
12/10/2016;21:00:00;1.13718328809979
12/10/2016;22:00:00;1.11653149528596
12/10/2016;23:00:00;1.10306446553439
12/11/2016;00:00:00;1.10437671927192
12/11/2016;01:00:00;1.09307844033562
12/11/2016;02:00:00;1.10663441934046
12/11/2016;03:00:00;1.04713905372693
12/11/2016;04:00:00;1.08454613879647
12/11/2016;05:00:00;1.09944212287146
12/11/2016;06:00:00;1.06359303994048
12/11/2016;07:00:00;1.16264119110792
12/11/2016;08:00:00;1.16062268509825
12/11/2016;09:00:00;1.15062845048599
12/11/2016;10:00:00;1.11560325852931
12/11/2016;11:00:00;1.09310395630071
12/11/2016;12:00:00;1.07720434416585
12/11/2016;13:00:00;1.05281538249514
12/11/2016;14:00:00;1.07020865974935
12/11/2016;15:00:00;1.07123080270799
12/11/2016;16:00:00;24.8815764956642
12/11/2016;17:00:00;38.049966398857
12/11/2016;18:00:00;38.432166104364
12/11/2016;19:00:00;37.9740651056191
12/11/2016;20:00:00;37.7798935997237
12/11/2016;21:00:00;37.7927618709733
12/11/2016;22:00:00;30.920142716416
12/11/2016;23:00:00;30.7596322472603
12/12/2016;00:00:00;34.5173348615933
12/12/2016;01:00:00;29.8315459406127
12/12/2016;02:00:00;27.5158046970853
12/12/2016;03:00:00;33.0962597089993
12/12/2016;04:00:00;36.1649942608915
12/12/2016;05:00:00;44.6361609781556
12/12/2016;06:00:00;45.4273922347841
12/12/2016;07:00:00;38.4616630606672
12/12/2016;08:00:00;37.7324564415267
12/12/2016;09:00:00;39.088851732652
12/12/2016;10:00:00;39.1245085825414
12/12/2016;11:00:00;30.2149410630912
12/12/2016;12:00:00;26.6584852078714
12/12/2016;13:00:00;24.5899958640865
12/12/2016;14:00:00;26.3387258517601
12/12/2016;15:00:00;28.8775784244776
12/12/2016;16:00:00;28.205472033654
12/12/2016;17:00:00;27.0553254232193
12/12/2016;18:00:00;26.7752482657671
12/12/2016;19:00:00;25.9616569983063
12/12/2016;20:00:00;26.207638464538
12/12/2016;21:00:00;25.9901237333308
12/12/2016;22:00:00;28.2355056081807
12/12/2016;23:00:00;28.45684039154
12/13/2016;00:00:00;27.4122386634412
12/13/2016;01:00:00;27.8423853760018
12/13/2016;02:00:00;27.3259150136767
12/13/2016;03:00:00;26.730892788602
12/13/2016;04:00:00;27.6057288879704
12/13/2016;05:00:00;26.3693048795228
12/13/2016;06:00:00;34.3979552620224
12/13/2016;07:00:00;40.7583542916515
12/13/2016;08:00:00;41.5439080296917
12/13/2016;09:00:00;41.2032511483886
12/13/2016;10:00:00;40.8277741585591
12/13/2016;11:00:00;41.1007328495132
12/13/2016;12:00:00;40.7702675476234
12/13/2016;13:00:00;39.8656519439088
12/13/2016;14:00:00;39.7114465794512
12/13/2016;15:00:00;39.7590807150986
12/13/2016;16:00:00;39.9980712308289
12/13/2016;17:00:00;39.9782909157355
12/13/2016;18:00:00;40.0108883912493
12/13/2016;19:00:00;40.092986510316
12/13/2016;20:00:00;40.2380630427761
12/13/2016;21:00:00;40.1849975277472
12/13/2016;22:00:00;40.0503767051424
12/13/2016;23:00:00;39.9399246421962
12/14/2016;00:00:00;39.9107183731872
12/14/2016;01:00:00;39.9905129194754
12/14/2016;02:00:00;40.0887579715055
12/14/2016;03:00:00;40.0665805303962
12/14/2016;04:00:00;40.0897945999003
12/14/2016;05:00:00;40.0916932839965
12/14/2016;06:00:00;40.1481773153449
12/14/2016;07:00:00;40.1390377903787
12/14/2016;08:00:00;40.1129089385113
12/14/2016;09:00:00;40.1649849902642
12/14/2016;10:00:00;40.1241537555192
12/14/2016;11:00:00;40.1113634526931
12/14/2016;12:00:00;40.1571273494113
12/14/2016;13:00:00;40.149610555608
12/14/2016;14:00:00;40.1845980402153
12/14/2016;15:00:00;40.2270324270174
12/14/2016;16:00:00;40.2393457259563
12/14/2016;17:00:00;40.2369325107387
12/14/2016;18:00:00;40.1441508580573
12/14/2016;19:00:00;47.987053920713
12/14/2016;20:00:00;66.2313067287243
12/14/2016;21:00:00;62.1090024621002
12/14/2016;22:00:00;59.4615035525583
12/14/2016;23:00:00;60.3284746523766
12/15/2016;00:00:00;68.8033994303401
12/15/2016;01:00:00;72.6564232833751
12/15/2016;02:00:00;75.5160693739364
12/15/2016;03:00:00;72.3247116945272
12/15/2016;04:00:00;74.7579697204848
12/15/2016;05:00:00;71.4613206861897
12/15/2016;06:00:00;71.6035600141414
12/15/2016;07:00:00;71.6526662639811
12/15/2016;08:00:00;70.7403600176784
12/15/2016;09:00:00;69.5208836484221
12/15/2016;10:00:00;69.6594656337069
12/15/2016;11:00:00;68.8854015642177
12/15/2016;12:00:00;69.686846433384
12/15/2016;13:00:00;67.6323105134388
12/15/2016;14:00:00;67.8121185692655
12/15/2016;15:00:00;67.185427509358
12/15/2016;16:00:00;66.6298496237519
12/15/2016;17:00:00;68.4112877899982
12/15/2016;18:00:00;69.6949773388877
12/15/2016;19:00:00;68.9697123421936
12/15/2016;20:00:00;69.2492075064936
12/15/2016;21:00:00;70.5796243752176
12/15/2016;22:00:00;71.1805037262064
12/15/2016;23:00:00;70.8432653892064
12/16/2016;00:00:00;70.6919063713505
12/16/2016;01:00:00;69.7113604448635
12/16/2016;02:00:00;70.0274100775397
12/16/2016;03:00:00;70.4184397904548
12/16/2016;04:00:00;69.5168327369035
12/16/2016;05:00:00;70.3337434775558
12/16/2016;06:00:00;72.0817799843121
12/16/2016;07:00:00;72.4869394279821
12/16/2016;08:00:00;72.7307109933872
12/16/2016;09:00:00;73.1602702615871
12/16/2016;10:00:00;73.132669506578
12/16/2016;11:00:00;73.2275781105803
12/16/2016;12:00:00;72.7951247619211
12/16/2016;13:00:00;72.1087211039927
12/16/2016;14:00:00;72.1778490356017
12/16/2016;15:00:00;72.1328814392958
12/16/2016;16:00:00;72.3936658395329
12/16/2016;17:00:00;72.2779550524788
12/16/2016;18:00:00;72.204716788043
12/16/2016;19:00:00;72.0833033318308
12/16/2016;20:00:00;72.089536095613
12/16/2016;21:00:00;72.2799337262286
12/16/2016;22:00:00;72.5298821457232
12/16/2016;23:00:00;71.9348381297085
12/17/2016;00:00:00;71.9262594253492
12/17/2016;01:00:00;72.1860095599534
12/17/2016;02:00:00;72.1802305519727
12/17/2016;03:00:00;72.2514033407943
12/17/2016;04:00:00;72.3419003611342
12/17/2016;05:00:00;71.9794881119439
12/17/2016;06:00:00;72.3752282299991
12/17/2016;07:00:00;71.116473966154
12/17/2016;08:00:00;71.3209902073923
12/17/2016;09:00:00;71.0999596723418
12/17/2016;10:00:00;71.3564519509195
12/17/2016;11:00:00;70.8309951188448
12/17/2016;12:00:00;70.8870609006855
12/17/2016;13:00:00;71.2152353978484
12/17/2016;14:00:00;71.2941991083743
12/17/2016;15:00:00;71.5909989907248
12/17/2016;16:00:00;71.6298271965973
12/17/2016;17:00:00;71.0338961076077
12/17/2016;18:00:00;70.9292201804535
12/17/2016;19:00:00;71.1088176767746
12/17/2016;20:00:00;70.8635000950352
12/17/2016;21:00:00;71.4567440413455
12/17/2016;22:00:00;71.3782242458526
12/17/2016;23:00:00;71.2912704378509
12/18/2016;00:00:00;71.5634966239009
12/18/2016;01:00:00;71.8783468359952
12/18/2016;02:00:00;72.1491978620105
12/18/2016;03:00:00;71.8718474009037
12/18/2016;04:00:00;71.5387310167359
12/18/2016;05:00:00;71.7046222070974
12/18/2016;06:00:00;71.6876882852462
12/18/2016;07:00:00;71.9099858446527
12/18/2016;08:00:00;71.672599389773
12/18/2016;09:00:00;71.9349068117461
12/18/2016;10:00:00;71.8985762064497
12/18/2016;11:00:00;71.865175347523
12/18/2016;12:00:00;72.0118795122638
12/18/2016;13:00:00;71.9282025003292
12/18/2016;14:00:00;72.065658850666
12/18/2016;15:00:00;71.9493988748657
12/18/2016;16:00:00;72.1982733870139
12/18/2016;17:00:00;71.7019335173955
12/18/2016;18:00:00;72.2531166489603
12/18/2016;19:00:00;72.1735963421509
12/18/2016;20:00:00;72.1197866048684
12/18/2016;21:00:00;71.9997774474751
12/18/2016;22:00:00;72.1496394385386
12/18/2016;23:00:00;72.4140199491622
12/19/2016;00:00:00;72.2617370053062
12/19/2016;01:00:00;72.3263413660237
12/19/2016;02:00:00;72.3222130939573
12/19/2016;03:00:00;72.5295381039966
12/19/2016;04:00:00;71.8396807697792
12/19/2016;05:00:00;72.8175210332367
12/19/2016;06:00:00;72.1500293940183
12/19/2016;07:00:00;72.2160981112264
12/19/2016;08:00:00;72.4529911322579
12/19/2016;09:00:00;71.9298371908914
12/19/2016;10:00:00;72.326243577926
12/19/2016;11:00:00;72.1122446786168
12/19/2016;12:00:00;72.4916059603428
12/19/2016;13:00:00;72.2338728774904
12/19/2016;14:00:00;72.0623555186457
12/19/2016;15:00:00;72.0350594491704
12/19/2016;16:00:00;71.8702903510777
12/19/2016;17:00:00;72.3501508491819
12/19/2016;18:00:00;72.1533471760343
12/19/2016;19:00:00;72.0794870743217
12/19/2016;20:00:00;72.2325554318313
12/19/2016;21:00:00;72.7907097884324
12/19/2016;22:00:00;71.4537934121197
12/19/2016;23:00:00;71.9811276481088
12/20/2016;00:00:00;72.1043566715986
12/20/2016;01:00:00;72.0072965708283
12/20/2016;02:00:00;72.0893497883271
12/20/2016;03:00:00;72.1547075185778
12/20/2016;04:00:00;72.2162043652065
12/20/2016;05:00:00;72.2174812197077
12/20/2016;06:00:00;72.1005708372609
12/20/2016;07:00:00;72.1183086188232
12/20/2016;08:00:00;72.0635671557759
12/20/2016;09:00:00;72.0445386281807
12/20/2016;10:00:00;72.6987318811736
12/20/2016;11:00:00;72.5625500977495
12/20/2016;12:00:00;72.4790035304252
12/20/2016;13:00:00;72.1515393084224
12/20/2016;14:00:00;71.6638944548238
12/20/2016;15:00:00;71.6370105051284
12/20/2016;16:00:00;72.074984538
12/20/2016;17:00:00;72.4747193598553
12/20/2016;18:00:00;72.6915370128278
12/20/2016;19:00:00;72.8702214281235
12/20/2016;20:00:00;73.1245410935696
12/20/2016;21:00:00;74.0486439401676
12/20/2016;22:00:00;74.5557118899134
12/20/2016;23:00:00;73.3325417826752
12/21/2016;00:00:00;72.275293765523
12/21/2016;01:00:00;72.492269622535
12/21/2016;02:00:00;72.8535044504667
12/21/2016;03:00:00;72.2693246120062
12/21/2016;04:00:00;72.0074320807926
12/21/2016;05:00:00;72.4695687702765
12/21/2016;06:00:00;72.1875929900443
12/21/2016;07:00:00;71.999970650016
12/21/2016;08:00:00;72.8438889904365
12/21/2016;09:00:00;72.3181888501571
12/21/2016;10:00:00;71.0958465260755
12/21/2016;11:00:00;72.1364310107672
12/21/2016;12:00:00;72.8085061241302
12/21/2016;13:00:00;72.8951904914825
12/21/2016;14:00:00;72.1068803144279
12/21/2016;15:00:00;72.3862894808698
12/21/2016;16:00:00;73.47761597434
12/21/2016;17:00:00;72.1128721903033
12/21/2016;18:00:00;72.7286606504497
12/21/2016;19:00:00;72.4571434868303
12/21/2016;20:00:00;72.4707126484687
12/21/2016;21:00:00;72.4136302987887
12/21/2016;22:00:00;72.5554711665102
12/21/2016;23:00:00;72.4118527056908
12/22/2016;00:00:00;72.3170566963641
12/22/2016;01:00:00;72.4048866113034
12/22/2016;02:00:00;72.4161275032979
12/22/2016;03:00:00;72.3814300694977
12/22/2016;04:00:00;72.4017146501046
12/22/2016;05:00:00;72.366980262693
12/22/2016;06:00:00;72.4088054516382
12/22/2016;07:00:00;72.3810968217757
12/22/2016;08:00:00;72.3837810382515
12/22/2016;09:00:00;72.1668576496136
12/22/2016;10:00:00;72.2466902664432
12/22/2016;11:00:00;72.3182164046918
12/22/2016;12:00:00;70.5197484904326
12/22/2016;13:00:00;69.1489219383159
12/22/2016;14:00:00;68.9002107113618
12/22/2016;15:00:00;69.2293707878209
12/22/2016;16:00:00;69.1909094727943
12/22/2016;17:00:00;69.2613549332747
12/22/2016;18:00:00;69.1865739638805
12/22/2016;19:00:00;69.0980927150442
12/22/2016;20:00:00;69.0951055744319
12/22/2016;21:00:00;69.3897522250699
12/22/2016;22:00:00;69.2404023057786
12/22/2016;23:00:00;69.3211876559121
12/23/2016;00:00:00;69.3298956291581
12/23/2016;01:00:00;69.4327718769658
12/23/2016;02:00:00;69.2199325763795
12/23/2016;03:00:00;69.3111220224412
12/23/2016;04:00:00;69.3711354469691
12/23/2016;05:00:00;69.6477346892853
12/23/2016;06:00:00;69.1344485341748
12/23/2016;07:00:00;69.244404430731
12/23/2016;08:00:00;69.2131489635128
12/23/2016;09:00:00;69.1130139210202
12/23/2016;10:00:00;69.2233074503776
12/23/2016;11:00:00;69.2201801110542
12/23/2016;12:00:00;68.9785349986922
12/23/2016;13:00:00;68.966749808245
12/23/2016;14:00:00;69.067420547307
12/23/2016;15:00:00;69.3616861282778
12/23/2016;16:00:00;69.0936298583968
12/23/2016;17:00:00;69.1220397678728
12/23/2016;18:00:00;69.1189532256053
12/23/2016;19:00:00;69.010699557326
12/23/2016;20:00:00;68.9525649176363
12/23/2016;21:00:00;69.059786213203
12/23/2016;22:00:00;68.9461316148592
12/23/2016;23:00:00;69.478615114976
12/24/2016;00:00:00;69.3355046943447
12/24/2016;01:00:00;69.2130026713437
12/24/2016;02:00:00;68.8798846003916
12/24/2016;03:00:00;69.3529808146414
12/24/2016;04:00:00;69.0228923357835
12/24/2016;05:00:00;69.1984823458229
12/24/2016;06:00:00;69.2603616340195
12/24/2016;07:00:00;69.1580929441326
12/24/2016;08:00:00;69.3226255936989
12/24/2016;09:00:00;69.0874641512772
12/24/2016;10:00:00;69.2856927973833
12/24/2016;11:00:00;69.066851067466
12/24/2016;12:00:00;68.8697556597864
12/24/2016;13:00:00;69.2063023542614
12/24/2016;14:00:00;69.1701367392377
12/24/2016;15:00:00;69.000998730365
12/24/2016;16:00:00;69.0063042073841
12/24/2016;17:00:00;69.4085962104159
12/24/2016;18:00:00;69.0505216815516
12/24/2016;19:00:00;69.1064329022943
12/24/2016;20:00:00;68.5561997532078
12/24/2016;21:00:00;69.1683181850109
12/24/2016;22:00:00;69.3142358463361
12/24/2016;23:00:00;68.8819906656921
12/25/2016;00:00:00;69.1343632739887
12/25/2016;01:00:00;69.3955943158417
12/25/2016;02:00:00;68.9994905911427
12/25/2016;03:00:00;68.843396318141
12/25/2016;04:00:00;68.5147830735213
12/25/2016;05:00:00;68.9588843342315
12/25/2016;06:00:00;69.0119816960725
12/25/2016;07:00:00;68.5039010441426
12/25/2016;08:00:00;68.9991319443108
12/25/2016;09:00:00;68.7545552007795
12/25/2016;10:00:00;68.9731894434421
12/25/2016;11:00:00;69.2352030956478
12/25/2016;12:00:00;69.2230304734509
12/25/2016;13:00:00;69.3171609455396
12/25/2016;14:00:00;69.4557808367545
12/25/2016;15:00:00;69.1757978864319
12/25/2016;16:00:00;69.1984215206828
12/25/2016;17:00:00;69.5127701686784
12/25/2016;18:00:00;68.6118126491829
12/25/2016;19:00:00;69.0377889012318
12/25/2016;20:00:00;68.7941960257936
12/25/2016;21:00:00;68.8759154294377
12/25/2016;22:00:00;69.1057882398717
12/25/2016;23:00:00;69.0307963577592
12/26/2016;00:00:00;68.9029774518293
12/26/2016;01:00:00;68.9129663701227
12/26/2016;02:00:00;69.3182206368641
12/26/2016;03:00:00;68.8805545927299
12/26/2016;04:00:00;68.9812090800365
12/26/2016;05:00:00;68.8956548036579
12/26/2016;06:00:00;69.4627004846801
12/26/2016;07:00:00;69.0911090970615
12/26/2016;08:00:00;68.8594119020834
12/26/2016;09:00:00;68.9402998112304
12/26/2016;10:00:00;68.8919325208531
12/26/2016;11:00:00;68.9800099153061
12/26/2016;12:00:00;68.9001216679609
12/26/2016;13:00:00;68.8938812628841
12/26/2016;14:00:00;68.839626190141
12/26/2016;15:00:00;69.003195265586
12/26/2016;16:00:00;69.0928009225222
12/26/2016;17:00:00;68.4048835639451
12/26/2016;18:00:00;69.126521024247
12/26/2016;19:00:00;68.8761988907006
12/26/2016;20:00:00;69.1096943191917
12/26/2016;21:00:00;68.877557771198
12/26/2016;22:00:00;68.6280358993865
12/26/2016;23:00:00;68.8990009292304
12/27/2016;00:00:00;69.1135109675193
12/27/2016;01:00:00;69.625061983533
12/27/2016;02:00:00;68.6455229395368
12/27/2016;03:00:00;68.8364341224874
12/27/2016;04:00:00;68.771587778234
12/27/2016;05:00:00;68.6655427738956
12/27/2016;06:00:00;68.6999764765545
12/27/2016;07:00:00;68.6537677457836
12/27/2016;08:00:00;68.7072654273129
12/27/2016;09:00:00;68.4309170010797
12/27/2016;10:00:00;68.6689052534464
12/27/2016;11:00:00;68.5124903095614
12/27/2016;12:00:00;68.3591879581663
12/27/2016;13:00:00;69.2169600452871
12/27/2016;14:00:00;68.7648661431344
12/27/2016;15:00:00;68.557203168341
12/27/2016;16:00:00;68.7548626910876
12/27/2016;17:00:00;68.6023306313515
12/27/2016;18:00:00;68.621127795089
12/27/2016;19:00:00;68.8123976126907
12/27/2016;20:00:00;68.7906355878873
12/27/2016;21:00:00;68.7320529942279
12/27/2016;22:00:00;68.5727312451793
12/27/2016;23:00:00;68.6592709418893
12/28/2016;00:00:00;68.6171516582381
12/28/2016;01:00:00;68.6936277653365
12/28/2016;02:00:00;68.6681298063172
12/28/2016;03:00:00;68.5652399792286
12/28/2016;04:00:00;68.5454649883576
12/28/2016;05:00:00;68.690707009248
12/28/2016;06:00:00;68.6410077335791
12/28/2016;07:00:00;68.7892392829594
12/28/2016;08:00:00;68.5754834690216
12/28/2016;09:00:00;68.6232031616533
12/28/2016;10:00:00;68.5634811405678
12/28/2016;11:00:00;68.4575011844443
12/28/2016;12:00:00;68.554143967356
12/28/2016;13:00:00;68.5488210313608
12/28/2016;14:00:00;68.7461462697738
12/28/2016;15:00:00;68.5774569830359
12/28/2016;16:00:00;68.6617913743049
12/28/2016;17:00:00;68.7302375056809
12/28/2016;18:00:00;68.8009717134694
12/28/2016;19:00:00;68.7749116797127
12/28/2016;20:00:00;68.83774993332
12/28/2016;21:00:00;68.866401906627
12/28/2016;22:00:00;69.1105812182569
12/28/2016;23:00:00;68.8938116405797
12/29/2016;00:00:00;69.2253914036396
12/29/2016;01:00:00;68.9896462870777
12/29/2016;02:00:00;68.9618575545177
12/29/2016;03:00:00;69.1238890055609
12/29/2016;04:00:00;69.2420066631192
12/29/2016;05:00:00;68.6847340838681
12/29/2016;06:00:00;69.0165067601167
12/29/2016;07:00:00;69.118263336348
12/29/2016;08:00:00;69.1659231331106
12/29/2016;09:00:00;69.4287827687636
12/29/2016;10:00:00;69.018075061179
12/29/2016;11:00:00;68.5601367337364
12/29/2016;12:00:00;69.1098133356042
12/29/2016;13:00:00;69.6143158815631
12/29/2016;14:00:00;69.4106601745649
12/29/2016;15:00:00;69.2787317506423
12/29/2016;16:00:00;68.7557080420699
12/29/2016;17:00:00;69.3785015907033
12/29/2016;18:00:00;69.3484311421292
12/29/2016;19:00:00;69.3864604880094
12/29/2016;20:00:00;69.0079077172144
12/29/2016;21:00:00;68.9991859853384
12/29/2016;22:00:00;69.5571161055242
12/29/2016;23:00:00;69.5049333967548
12/30/2016;00:00:00;69.1762978344488
12/30/2016;01:00:00;69.4545218724774
12/30/2016;02:00:00;69.3785328991965
12/30/2016;03:00:00;69.3758743199814
12/30/2016;04:00:00;69.259458342863
12/30/2016;05:00:00;69.368841953726
12/30/2016;06:00:00;70.013521787057
12/30/2016;07:00:00;69.3919491535845
12/30/2016;08:00:00;69.3217025911142
12/30/2016;09:00:00;69.0298746558644
12/30/2016;10:00:00;69.0793301440146
12/30/2016;11:00:00;69.3612669150686
12/30/2016;12:00:00;69.4365841743812
12/30/2016;13:00:00;69.1054512890345
12/30/2016;14:00:00;69.4592991432349
12/30/2016;15:00:00;69.3784716825877
12/30/2016;16:00:00;69.2370632628671
12/30/2016;17:00:00;69.1897699149256
12/30/2016;18:00:00;69.5167552189213
12/30/2016;19:00:00;69.4816135347665
12/30/2016;20:00:00;69.3401838227413
12/30/2016;21:00:00;69.8433977512315
12/30/2016;22:00:00;69.444858065242
12/30/2016;23:00:00;69.6610512613833
12/31/2016;00:00:00;69.6515274847323
12/31/2016;01:00:00;69.65606788209
12/31/2016;02:00:00;69.4737427123575
12/31/2016;03:00:00;69.712104999115
12/31/2016;04:00:00;69.9838751061308
12/31/2016;05:00:00;69.3536726293662
12/31/2016;06:00:00;69.5208614545262
12/31/2016;07:00:00;69.4390252433687
12/31/2016;08:00:00;69.5082012595062
12/31/2016;09:00:00;69.5503776769339
12/31/2016;10:00:00;69.5185965865752
12/31/2016;11:00:00;69.5914135096127
12/31/2016;12:00:00;69.5509339344053
12/31/2016;13:00:00;69.6262152735399
12/31/2016;14:00:00;69.235449195121
12/31/2016;15:00:00;69.2808992203128
12/31/2016;16:00:00;69.0437414530187
12/31/2016;17:00:00;69.64475548934
12/31/2016;18:00:00;69.3770043827269
12/31/2016;19:00:00;69.4362101718285
12/31/2016;20:00:00;70.2324445345077
12/31/2016;21:00:00;69.3879738678985
12/31/2016;22:00:00;69.5017063220035
12/31/2016;23:00:00;69.6377006485066
01/01/2017;00:00:00;69.4811841274831
01/01/2017;01:00:00;69.4083385768207
01/01/2017;02:00:00;69.3655475528784
01/01/2017;03:00:00;69.3383737954081
01/01/2017;04:00:00;69.4483401036211
01/01/2017;05:00:00;69.4831523341742
01/01/2017;06:00:00;69.2545632654625
01/01/2017;07:00:00;69.228969871686
01/01/2017;08:00:00;69.3769182838199
01/01/2017;09:00:00;69.2663160293592
01/01/2017;10:00:00;69.4170058184857
01/01/2017;11:00:00;68.8396741258128
01/01/2017;12:00:00;69.0363254428663
01/01/2017;13:00:00;69.0915235057733
01/01/2017;14:00:00;69.2177147623175
01/01/2017;15:00:00;69.0545537786384
01/01/2017;16:00:00;69.202207283963
01/01/2017;17:00:00;69.2708827273429
01/01/2017;18:00:00;69.169689513782
01/01/2017;19:00:00;69.1315028677327
01/01/2017;20:00:00;69.3561999480656
01/01/2017;21:00:00;69.1154107459741
01/01/2017;22:00:00;69.7089716753083
01/01/2017;23:00:00;69.5732642811271
01/02/2017;00:00:00;69.5585394212421
01/02/2017;01:00:00;69.5810512330957
01/02/2017;02:00:00;69.4743958508573
01/02/2017;03:00:00;69.8566754248313
01/02/2017;04:00:00;69.1506990424909
01/02/2017;05:00:00;69.4572285114119
01/02/2017;06:00:00;69.6290360094751
01/02/2017;07:00:00;69.9346198893733
01/02/2017;08:00:00;69.3689646863997
01/02/2017;09:00:00;69.7998215968294
01/02/2017;10:00:00;69.5050129444372
01/02/2017;11:00:00;69.5435567606234
01/02/2017;12:00:00;69.8590832911144
01/02/2017;13:00:00;69.4882007048439
01/02/2017;14:00:00;69.6159591618319
01/02/2017;15:00:00;69.6156576532473
01/02/2017;16:00:00;69.413196155818
01/02/2017;17:00:00;69.3135788672085
01/02/2017;18:00:00;69.4515818469961
01/02/2017;19:00:00;69.6547151102049
01/02/2017;20:00:00;69.299754998518
01/02/2017;21:00:00;69.333249560137
01/02/2017;22:00:00;69.6030688076292
01/02/2017;23:00:00;69.9704763833514
01/03/2017;00:00:00;69.4412069741148
01/03/2017;01:00:00;69.7204614381627
01/03/2017;02:00:00;69.2427400539333
01/03/2017;03:00:00;69.1871368738752
01/03/2017;04:00:00;69.4294818526228
01/03/2017;05:00:00;69.5152887703462
01/03/2017;06:00:00;69.6217170151055
01/03/2017;07:00:00;69.4892041402662
01/03/2017;08:00:00;69.6992915388178
01/03/2017;09:00:00;69.6052674946704
01/03/2017;10:00:00;70.101288675127
01/03/2017;11:00:00;69.822693237388
01/03/2017;12:00:00;70.2283129641559
01/03/2017;13:00:00;70.9625387196294
01/03/2017;14:00:00;70.5390464037621
01/03/2017;15:00:00;70.503342944159
01/03/2017;16:00:00;70.2773717313462
01/03/2017;17:00:00;70.2594124204575
01/03/2017;18:00:00;70.0703528890124
01/03/2017;19:00:00;70.4092090798674
01/03/2017;20:00:00;70.3245936489031
01/03/2017;21:00:00;70.1560357069824
01/03/2017;22:00:00;69.9918150339773
01/03/2017;23:00:00;69.9900415731181
01/04/2017;00:00:00;70.4370999903895
01/04/2017;01:00:00;69.8102847660269
01/04/2017;02:00:00;69.9584672815958
01/04/2017;03:00:00;70.3555627932127
01/04/2017;04:00:00;70.1659840029594
01/04/2017;05:00:00;69.9395657612272
01/04/2017;06:00:00;69.6408083104847
01/04/2017;07:00:00;69.7932559955772
01/04/2017;08:00:00;69.7319669181603
01/04/2017;09:00:00;69.8441192337869
01/04/2017;10:00:00;69.5967921032218
01/04/2017;11:00:00;69.5278413255498
01/04/2017;12:00:00;69.2951738427241
01/04/2017;13:00:00;69.4635302061191
01/04/2017;14:00:00;69.6032649128125
01/04/2017;15:00:00;69.7260906317621
01/04/2017;16:00:00;69.6471178608451
01/04/2017;17:00:00;70.0662523004073
01/04/2017;18:00:00;69.5442204946684
01/04/2017;19:00:00;70.0527212657045
01/04/2017;20:00:00;70.3343091430103
01/04/2017;21:00:00;70.1425270017866
01/04/2017;22:00:00;70.3351029157312
01/04/2017;23:00:00;70.4861056747944
01/05/2017;00:00:00;70.4917520424487
01/05/2017;01:00:00;70.6757807486102
01/05/2017;02:00:00;70.7603626842558
01/05/2017;03:00:00;70.8253455358729
01/05/2017;04:00:00;70.480070524916
01/05/2017;05:00:00;70.4321280880475
01/05/2017;06:00:00;70.3581693235595
01/05/2017;07:00:00;70.1597553419094
01/05/2017;08:00:00;70.2533022780517
01/05/2017;09:00:00;70.5456769410728
01/05/2017;10:00:00;70.2555623919724
01/05/2017;11:00:00;70.5073280409137
01/05/2017;12:00:00;70.3458796168981
01/05/2017;13:00:00;70.1506142277768
01/05/2017;14:00:00;70.4622466631633
01/05/2017;15:00:00;70.5853200454784
01/05/2017;16:00:00;70.4531437438023
01/05/2017;17:00:00;70.8525149006082
01/05/2017;18:00:00;70.7971685424414
01/05/2017;19:00:00;70.8955019842073
01/05/2017;20:00:00;70.7559037804323
01/05/2017;21:00:00;70.6237524954413
01/05/2017;22:00:00;70.7360530891223
01/05/2017;23:00:00;70.8123697730341
01/06/2017;00:00:00;70.6696214512838
01/06/2017;01:00:00;70.2324688211782
01/06/2017;02:00:00;69.6903478466399
01/06/2017;03:00:00;69.4423494550738
01/06/2017;04:00:00;69.5981271926767
01/06/2017;05:00:00;69.3791011819337
01/06/2017;06:00:00;69.6605060288238
01/06/2017;07:00:00;69.6063043994467
01/06/2017;08:00:00;69.496260026828
01/06/2017;09:00:00;69.6157079538905
01/06/2017;10:00:00;69.7877413326276
01/06/2017;11:00:00;69.8505455750052
01/06/2017;12:00:00;69.981331781503
01/06/2017;13:00:00;69.9796846869722
01/06/2017;14:00:00;69.9201185968503
01/06/2017;15:00:00;70.1715989387254
01/06/2017;16:00:00;70.011714905078
01/06/2017;17:00:00;70.0437123026389
01/06/2017;18:00:00;70.0179480489573
01/06/2017;19:00:00;70.0940488900923
01/06/2017;20:00:00;70.1099635547723
01/06/2017;21:00:00;70.0741783992578
01/06/2017;22:00:00;70.3351543210384
01/06/2017;23:00:00;70.0713393326076
01/07/2017;00:00:00;69.8765665250081
01/07/2017;01:00:00;70.2166693773187
01/07/2017;02:00:00;70.1591584001804
01/07/2017;03:00:00;70.5212553245765
01/07/2017;04:00:00;70.2251597719655
01/07/2017;05:00:00;70.388338475546
01/07/2017;06:00:00;70.8909653621199
01/07/2017;07:00:00;70.6308713310222
01/07/2017;08:00:00;70.7733917657079
01/07/2017;09:00:00;70.440739607564
01/07/2017;10:00:00;70.2515506009915
01/07/2017;11:00:00;70.3902434003792
01/07/2017;12:00:00;70.2582622017071
01/07/2017;13:00:00;70.5767888311745
01/07/2017;14:00:00;70.2640133754304
01/07/2017;15:00:00;70.2387534434949
01/07/2017;16:00:00;70.1301551428167
01/07/2017;17:00:00;70.0997167671843
01/07/2017;18:00:00;70.1800462595875
01/07/2017;19:00:00;70.4049606752602
01/07/2017;20:00:00;70.4108478345082
01/07/2017;21:00:00;70.2690179232831
01/07/2017;22:00:00;70.2841869251787
01/07/2017;23:00:00;70.2840229151755
01/08/2017;00:00:00;71.1042069141839
01/08/2017;01:00:00;70.6404277579795
01/08/2017;02:00:00;70.9004931968201
01/08/2017;03:00:00;70.4845203903092
01/08/2017;04:00:00;70.3224324861214
01/08/2017;05:00:00;70.5735050769144
01/08/2017;06:00:00;70.5603681324148
01/08/2017;07:00:00;70.2860003536066
01/08/2017;08:00:00;70.4595736100645
01/08/2017;09:00:00;70.2919301953377
01/08/2017;10:00:00;69.9704402936904
01/08/2017;11:00:00;70.161137406885
01/08/2017;12:00:00;70.4271863916566
01/08/2017;13:00:00;70.233805403194
01/08/2017;14:00:00;69.8967645343368
01/08/2017;15:00:00;70.1341722496552
01/08/2017;16:00:00;70.1976127796246
01/08/2017;17:00:00;70.2190090139039
01/08/2017;18:00:00;70.2522187883606
01/08/2017;19:00:00;70.2248793979847
01/08/2017;20:00:00;70.2099916999744
01/08/2017;21:00:00;70.1812534735671
01/08/2017;22:00:00;70.3709787719755
01/08/2017;23:00:00;70.0554650812367
01/09/2017;00:00:00;70.4766715772082
01/09/2017;01:00:00;69.6518712090436
01/09/2017;02:00:00;70.045582881601
01/09/2017;03:00:00;69.9578599844734
01/09/2017;04:00:00;70.4138467220626
01/09/2017;05:00:00;70.0819359857623
01/09/2017;06:00:00;70.3882604090184
01/09/2017;07:00:00;70.0770159328291
01/09/2017;08:00:00;70.2352888701757
01/09/2017;09:00:00;70.3147588194291
01/09/2017;10:00:00;70.4167174009423
01/09/2017;11:00:00;69.8888240960822
01/09/2017;12:00:00;70.3232776581924
01/09/2017;13:00:00;69.8816365739558
01/09/2017;14:00:00;70.1031975026461
01/09/2017;15:00:00;70.5530452085725
01/09/2017;16:00:00;70.0105615464154
01/09/2017;17:00:00;70.0023244782263
01/09/2017;18:00:00;70.4710646839955
01/09/2017;19:00:00;70.1400112927763
01/09/2017;20:00:00;70.38808655109
01/09/2017;21:00:00;70.0312430664523
01/09/2017;22:00:00;70.3907591209486
01/09/2017;23:00:00;70.3369660275442
01/10/2017;00:00:00;70.8041659321314
01/10/2017;01:00:00;70.2300233557897
01/10/2017;02:00:00;70.1335335329062
01/10/2017;03:00:00;70.6285618381735
01/10/2017;04:00:00;70.4610719453789
01/10/2017;05:00:00;70.4216229960361
01/10/2017;06:00:00;70.6287645246103
01/10/2017;07:00:00;70.4284742630971
01/10/2017;08:00:00;70.3063923630593
01/10/2017;09:00:00;70.9312913605724
01/10/2017;10:00:00;70.1554439325929
01/10/2017;11:00:00;70.2473952421476
01/10/2017;12:00:00;70.2568062915135
01/10/2017;13:00:00;70.1713713553842
01/10/2017;14:00:00;70.1187662378468
01/10/2017;15:00:00;70.3080278318168
01/10/2017;16:00:00;70.0144908221856
01/10/2017;17:00:00;70.2832428755327
01/10/2017;18:00:00;70.0708726024062
01/10/2017;19:00:00;70.2717786523511
01/10/2017;20:00:00;69.9738362696871
01/10/2017;21:00:00;70.2665600916511
01/10/2017;22:00:00;70.237187553889
01/10/2017;23:00:00;70.2768053388533
01/11/2017;00:00:00;70.2285226133634
01/11/2017;01:00:00;70.6154157458243
01/11/2017;02:00:00;70.8009778197816
01/11/2017;03:00:00;70.3286021929181
01/11/2017;04:00:00;70.2056770236493
01/11/2017;05:00:00;69.9211522973297
01/11/2017;06:00:00;70.2713773262251
01/11/2017;07:00:00;70.1171721332729
01/11/2017;08:00:00;70.2182799965786
01/11/2017;09:00:00;69.419773427255
01/11/2017;10:00:00;69.3081329825068
01/11/2017;11:00:00;69.9217854741542
01/11/2017;12:00:00;69.0574299212692
01/11/2017;13:00:00;68.931245144679
01/11/2017;14:00:00;70.016684916743
01/11/2017;15:00:00;69.164087518485
01/11/2017;16:00:00;69.0803536635607
01/11/2017;17:00:00;69.2387250753602
01/11/2017;18:00:00;69.561929256153
01/11/2017;19:00:00;69.7009224648491
01/11/2017;20:00:00;69.3562626382944
01/11/2017;21:00:00;69.2202593593511
01/11/2017;22:00:00;69.1047035905593
01/11/2017;23:00:00;69.2043521305637
01/12/2017;00:00:00;69.2494292330976
01/12/2017;01:00:00;69.4443962637645
01/12/2017;02:00:00;69.1248518454777
01/12/2017;03:00:00;69.2993755184827
01/12/2017;04:00:00;69.0210215942478
01/12/2017;05:00:00;68.9472401196841
01/12/2017;06:00:00;69.2760666353753
01/12/2017;07:00:00;69.0378894436123
01/12/2017;08:00:00;69.1978400098184
01/12/2017;09:00:00;69.0327126259219
01/12/2017;10:00:00;69.2097537504096
01/12/2017;11:00:00;69.1183830799401
01/12/2017;12:00:00;69.2755026768924
01/12/2017;13:00:00;68.8848416401229
01/12/2017;14:00:00;68.9830962237151
01/12/2017;15:00:00;69.0590545560326
01/12/2017;16:00:00;68.8886409790536
01/12/2017;17:00:00;69.2948913682297
01/12/2017;18:00:00;69.640008462767
01/12/2017;19:00:00;69.154578097424
01/12/2017;20:00:00;68.9806687402875
01/12/2017;21:00:00;69.1010153799988
01/12/2017;22:00:00;69.1825557686075
01/12/2017;23:00:00;68.8847057738963
01/13/2017;00:00:00;68.9957400478045
01/13/2017;01:00:00;68.9480353751432
01/13/2017;02:00:00;68.870587454146
01/13/2017;03:00:00;69.3658099732646
01/13/2017;04:00:00;69.2784480662267
01/13/2017;05:00:00;69.4308512239224
01/13/2017;06:00:00;68.9328156613486
01/13/2017;07:00:00;69.1352578021529
01/13/2017;08:00:00;68.9708291046311
01/13/2017;09:00:00;68.9229425249627
01/13/2017;10:00:00;68.7145262100337
01/13/2017;11:00:00;68.7832963004698
01/13/2017;12:00:00;68.6804274450954
01/13/2017;13:00:00;68.9695825961693
01/13/2017;14:00:00;68.6512144407734
01/13/2017;15:00:00;69.0130818828109
01/13/2017;16:00:00;68.779562778716
01/13/2017;17:00:00;69.0542865838705
01/13/2017;18:00:00;69.081242307464
01/13/2017;19:00:00;68.9198382610431
01/13/2017;20:00:00;69.0838522825062
01/13/2017;21:00:00;68.9676869215776
01/13/2017;22:00:00;68.6571217257946
01/13/2017;23:00:00;68.5448267530941
01/14/2017;00:00:00;68.6579708863345
01/14/2017;01:00:00;68.7873732938446
01/14/2017;02:00:00;68.2758392335372
01/14/2017;03:00:00;68.7384678920279
01/14/2017;04:00:00;69.0914447726565
01/14/2017;05:00:00;68.5191407787079
01/14/2017;06:00:00;69.8499936675194
01/14/2017;07:00:00;68.6787966016862
01/14/2017;08:00:00;68.9624235069283
01/14/2017;09:00:00;69.0133897177043
01/14/2017;10:00:00;69.1448873625296
01/14/2017;11:00:00;68.9759511172051
01/14/2017;12:00:00;68.8493306977773
01/14/2017;13:00:00;68.8197277439128
01/14/2017;14:00:00;69.3242387588055
01/14/2017;15:00:00;69.2027856887823
01/14/2017;16:00:00;69.1976374880734
01/14/2017;17:00:00;69.5121817445043
01/14/2017;18:00:00;69.1598915650162
01/14/2017;19:00:00;69.0520529025456
01/14/2017;20:00:00;69.39882863867
01/14/2017;21:00:00;68.4757959608051
01/14/2017;22:00:00;68.833491785568
01/14/2017;23:00:00;69.3292855637758
01/15/2017;00:00:00;69.6945555772384
01/15/2017;01:00:00;69.0327906586704
01/15/2017;02:00:00;69.2075841494569
01/15/2017;03:00:00;69.2199278842959
01/15/2017;04:00:00;69.5461286929078
01/15/2017;05:00:00;69.198301825317
01/15/2017;06:00:00;69.1096869534315
01/15/2017;07:00:00;69.0334891643365
01/15/2017;08:00:00;69.0783579564094
01/15/2017;09:00:00;69.1931604539774
01/15/2017;10:00:00;69.4244891413545
01/15/2017;11:00:00;69.8874737454204
01/15/2017;12:00:00;70.0554655489481
01/15/2017;13:00:00;68.9018803816116
01/15/2017;14:00:00;69.218753851743
01/15/2017;15:00:00;70.4897997225656
01/15/2017;16:00:00;70.0710777457589
01/15/2017;17:00:00;70.1367529041205
01/15/2017;18:00:00;69.7716586288346
01/15/2017;19:00:00;70.4607941622602
01/15/2017;20:00:00;69.53853396706
01/15/2017;21:00:00;69.3721719977363
01/15/2017;22:00:00;70.4474010604595
01/15/2017;23:00:00;70.1030167332912
01/16/2017;00:00:00;69.2432812599462
01/16/2017;01:00:00;69.2736300271531
01/16/2017;02:00:00;71.0461938075663
01/16/2017;03:00:00;68.4648019425518
01/16/2017;04:00:00;70.2572303033937
01/16/2017;05:00:00;69.3238007488141
01/16/2017;06:00:00;68.2547491047791
01/16/2017;07:00:00;69.7107655771057
01/16/2017;08:00:00;67.7545357322524
01/16/2017;09:00:00;66.4044762955238
01/16/2017;10:00:00;66.1399056047099
01/16/2017;11:00:00;65.6929257409574
01/16/2017;12:00:00;65.2702648996364
01/16/2017;13:00:00;66.0377397340721
01/16/2017;14:00:00;65.1260501611065
01/16/2017;15:00:00;63.7095267821366
01/16/2017;16:00:00;63.8072327825703
01/16/2017;17:00:00;64.2471604619876
01/16/2017;18:00:00;62.9334720057128
01/16/2017;19:00:00;64.6762255037561
01/16/2017;20:00:00;63.8635946177165
01/16/2017;21:00:00;64.0059037895152
01/16/2017;22:00:00;64.1095009499387
01/16/2017;23:00:00;64.3191893363678
01/17/2017;00:00:00;64.3324314829832
01/17/2017;01:00:00;64.1830720699592
01/17/2017;02:00:00;64.1977925563155
01/17/2017;03:00:00;64.1760284870942
01/17/2017;04:00:00;64.5616455636619
01/17/2017;05:00:00;64.2946503590416
01/17/2017;06:00:00;64.3676576267318
01/17/2017;07:00:00;64.3478395331249
01/17/2017;08:00:00;64.1830170435038
01/17/2017;09:00:00;64.2341879515846
01/17/2017;10:00:00;64.5634262962674
01/17/2017;11:00:00;64.8148377250512
01/17/2017;12:00:00;64.4515015856201
01/17/2017;13:00:00;64.5905978957554
01/17/2017;14:00:00;64.3261113615949
01/17/2017;15:00:00;64.4600475619363
01/17/2017;16:00:00;64.6120567235802
01/17/2017;17:00:00;64.5095945070672
01/17/2017;18:00:00;65.1119122313604
01/17/2017;19:00:00;65.8315897481333
01/17/2017;20:00:00;66.1108040674709
01/17/2017;21:00:00;66.0365143376951
01/17/2017;22:00:00;65.5666315396708
01/17/2017;23:00:00;65.8460965534881
01/18/2017;00:00:00;66.1658021520755
01/18/2017;01:00:00;66.2391915030276
01/18/2017;02:00:00;66.3419227423212
01/18/2017;03:00:00;65.9243499385908
01/18/2017;04:00:00;66.0308363103407
01/18/2017;05:00:00;65.8343526832694
01/18/2017;06:00:00;65.7772744649659
01/18/2017;07:00:00;65.7229275338518
01/18/2017;08:00:00;65.387236748745
01/18/2017;09:00:00;65.2492201350664
01/18/2017;10:00:00;65.1404793646332
01/18/2017;11:00:00;65.2218188125253
01/18/2017;12:00:00;65.4222946078111
01/18/2017;13:00:00;65.1269504187701
01/18/2017;14:00:00;65.3919348613601
01/18/2017;15:00:00;65.4852546997671
01/18/2017;16:00:00;65.2089874597668
01/18/2017;17:00:00;65.5040469471955
01/18/2017;18:00:00;64.8626187299763
01/18/2017;19:00:00;65.0324219300466
01/18/2017;20:00:00;65.0550353798693
01/18/2017;21:00:00;65.2720601228665
01/18/2017;22:00:00;64.6941505808242
01/18/2017;23:00:00;64.8351332322404
01/19/2017;00:00:00;65.2182261054816
01/19/2017;01:00:00;65.1938522645309
01/19/2017;02:00:00;64.7465223508938
01/19/2017;03:00:00;65.0070659297385
01/19/2017;04:00:00;64.8450839191775
01/19/2017;05:00:00;64.4507958083119
01/19/2017;06:00:00;64.9979211419054
01/19/2017;07:00:00;64.8526563963291
01/19/2017;08:00:00;64.9650715867647
01/19/2017;09:00:00;65.3178811769547
01/19/2017;10:00:00;65.5501958979041
01/19/2017;11:00:00;65.5721909896342
01/19/2017;12:00:00;65.3598905570419
01/19/2017;13:00:00;65.7678771997643
01/19/2017;14:00:00;65.4029111671869
01/19/2017;15:00:00;65.2127126889624
01/19/2017;16:00:00;65.718522920432
01/19/2017;17:00:00;65.8643248680565
01/19/2017;18:00:00;66.1130607359255
01/19/2017;19:00:00;65.6850782203857
01/19/2017;20:00:00;65.936618501171
01/19/2017;21:00:00;65.8414272367512
01/19/2017;22:00:00;66.1660561960416
01/19/2017;23:00:00;66.3075720817565
01/20/2017;00:00:00;65.9009368303882
01/20/2017;01:00:00;65.8149783860794
01/20/2017;02:00:00;65.6418101861144
01/20/2017;03:00:00;65.925173425941
01/20/2017;04:00:00;65.7380321870155
01/20/2017;05:00:00;65.8347098387891
01/20/2017;06:00:00;65.3998283700132
01/20/2017;07:00:00;65.1783982165235
01/20/2017;08:00:00;64.6273367708447
01/20/2017;09:00:00;64.0676252916661
01/20/2017;10:00:00;65.0927836707378
01/20/2017;11:00:00;65.5275554088928
01/20/2017;12:00:00;65.9052315939803
01/20/2017;13:00:00;65.6244025280964
01/20/2017;14:00:00;65.3948595817118
01/20/2017;15:00:00;65.6946206351385
01/20/2017;16:00:00;65.3117880132858
01/20/2017;17:00:00;65.2338352981204
01/20/2017;18:00:00;65.0465345828962
01/20/2017;19:00:00;64.5496508793152
01/20/2017;20:00:00;64.7917226754071
01/20/2017;21:00:00;64.8713237527017
01/20/2017;22:00:00;65.5373299362838
01/20/2017;23:00:00;65.7978190428011
01/21/2017;00:00:00;65.3005022666094
01/21/2017;01:00:00;65.1281443975394
01/21/2017;02:00:00;65.3381486791023
01/21/2017;03:00:00;65.1823667954392
01/21/2017;04:00:00;65.1471381902692
01/21/2017;05:00:00;65.1150388925627
01/21/2017;06:00:00;65.5139777355088
01/21/2017;07:00:00;65.4159699186708
01/21/2017;08:00:00;65.0208187587018
01/21/2017;09:00:00;64.9092402241857
01/21/2017;10:00:00;64.7768865778993
01/21/2017;11:00:00;65.0393643605432
01/21/2017;12:00:00;64.749688637566
01/21/2017;13:00:00;65.2792691263538
01/21/2017;14:00:00;66.1783096583786
01/21/2017;15:00:00;65.6597353603719
01/21/2017;16:00:00;65.6996508600756
01/21/2017;17:00:00;65.5506488483503
01/21/2017;18:00:00;65.4329652769959
01/21/2017;19:00:00;65.4747113354448
01/21/2017;20:00:00;65.2843447444584
01/21/2017;21:00:00;65.9396491100069
01/21/2017;22:00:00;65.8100954371824
01/21/2017;23:00:00;65.784691144517
01/22/2017;00:00:00;65.6221055010017
01/22/2017;01:00:00;65.6386457507955
01/22/2017;02:00:00;65.6561630837388
01/22/2017;03:00:00;65.8446374791747
01/22/2017;04:00:00;65.5967014505683
01/22/2017;05:00:00;65.6818404902661
01/22/2017;06:00:00;65.6399286807084
01/22/2017;07:00:00;65.6157853456949
01/22/2017;08:00:00;65.3628798246091
01/22/2017;09:00:00;65.5744084756635
01/22/2017;10:00:00;65.5995737310503
01/22/2017;11:00:00;65.5020036472033
01/22/2017;12:00:00;65.7196071746613
01/22/2017;13:00:00;65.3503916407794
01/22/2017;14:00:00;65.5358969435376
01/22/2017;15:00:00;65.6441175652836
01/22/2017;16:00:00;65.5160315746455
01/22/2017;17:00:00;65.5897184725502
01/22/2017;18:00:00;65.692177937972
01/22/2017;19:00:00;65.4731835589168
01/22/2017;20:00:00;65.717439957379
01/22/2017;21:00:00;65.5563243074055
01/22/2017;22:00:00;65.6676899800205
01/22/2017;23:00:00;65.4192572215777
01/23/2017;00:00:00;65.2849736544504
01/23/2017;01:00:00;65.4475501319013
01/23/2017;02:00:00;65.3633779807626
01/23/2017;03:00:00;65.2320721510568
01/23/2017;04:00:00;65.5833662297562
01/23/2017;05:00:00;65.3695877007253
01/23/2017;06:00:00;65.4178749552392
01/23/2017;07:00:00;65.3464997120776
01/23/2017;08:00:00;65.313067850353
01/23/2017;09:00:00;64.6354294726888
01/23/2017;10:00:00;64.9636616517031
01/23/2017;11:00:00;65.1501628609418
01/23/2017;12:00:00;64.9853331231831
01/23/2017;13:00:00;64.9464383188741
01/23/2017;14:00:00;65.0057168384615
01/23/2017;15:00:00;65.0910747329123
01/23/2017;16:00:00;65.0767144332925
01/23/2017;17:00:00;65.0575039424213
01/23/2017;18:00:00;64.9685171769381
01/23/2017;19:00:00;64.9604899930942
01/23/2017;20:00:00;64.8940339090086
01/23/2017;21:00:00;65.4579804993409
01/23/2017;22:00:00;64.822493424266
01/23/2017;23:00:00;64.9914076507938
01/24/2017;00:00:00;65.0454457172139
01/24/2017;01:00:00;65.153001274198
01/24/2017;02:00:00;64.8233117126197
01/24/2017;03:00:00;65.0549979110762
01/24/2017;04:00:00;64.6336180909257
01/24/2017;05:00:00;65.1320825457044
01/24/2017;06:00:00;65.0286758125059
01/24/2017;07:00:00;65.2697389779601
01/24/2017;08:00:00;64.8664111879402
01/24/2017;09:00:00;64.8750407762328
01/24/2017;10:00:00;65.4712951348607
01/24/2017;11:00:00;64.9006896923743
01/24/2017;12:00:00;64.88777471964
01/24/2017;13:00:00;64.8522750747393
01/24/2017;14:00:00;64.8543851857431
01/24/2017;15:00:00;64.8553259583286
01/24/2017;16:00:00;64.8270182464221
01/24/2017;17:00:00;64.5388742197707
01/24/2017;18:00:00;64.6600646040155
01/24/2017;19:00:00;64.8286666587783
01/24/2017;20:00:00;64.6477824123896
01/24/2017;21:00:00;64.6587561226124
01/24/2017;22:00:00;64.6454885573497
01/24/2017;23:00:00;64.7118764384815
01/25/2017;00:00:00;64.8020271815726
01/25/2017;01:00:00;64.7259030810391
01/25/2017;02:00:00;64.7595319731255
01/25/2017;03:00:00;64.6557642939418
01/25/2017;04:00:00;64.7309685093064
01/25/2017;05:00:00;64.7812238833824
01/25/2017;06:00:00;64.7911296129991
01/25/2017;07:00:00;64.5994770299134
01/25/2017;08:00:00;64.7232280218765
01/25/2017;09:00:00;64.8803445303261
01/25/2017;10:00:00;64.5921456149633
01/25/2017;11:00:00;64.8680733780046
01/25/2017;12:00:00;64.8839192532156
01/25/2017;13:00:00;64.8587557669035
01/25/2017;14:00:00;65.0249557111936
01/25/2017;15:00:00;64.8238805613364
01/25/2017;16:00:00;65.5376620642092
01/25/2017;17:00:00;64.978751863609
01/25/2017;18:00:00;65.1209310593933
01/25/2017;19:00:00;64.9047082218012
01/25/2017;20:00:00;65.5691467421722
01/25/2017;21:00:00;65.2375654896889
01/25/2017;22:00:00;65.2071968915554
01/25/2017;23:00:00;64.6815411083724
01/26/2017;00:00:00;64.8524194186685
01/26/2017;01:00:00;64.4884563975935
01/26/2017;02:00:00;64.8069758193913
01/26/2017;03:00:00;64.5866702084856
01/26/2017;04:00:00;65.0508524752106
01/26/2017;05:00:00;64.4472253912036
01/26/2017;06:00:00;64.7183429332619
01/26/2017;07:00:00;64.6484244123984
01/26/2017;08:00:00;64.6331776967041
01/26/2017;09:00:00;64.5667611238351
01/26/2017;10:00:00;64.5193686667183
01/26/2017;11:00:00;64.4454522414072
01/26/2017;12:00:00;64.6197140293886
01/26/2017;13:00:00;64.4558463536503
01/26/2017;14:00:00;64.328728189924
01/26/2017;15:00:00;64.6783831259716
01/26/2017;16:00:00;64.5440673438524
01/26/2017;17:00:00;64.4689041497279
01/26/2017;18:00:00;64.6689076506155
01/26/2017;19:00:00;64.4732683300373
01/26/2017;20:00:00;64.6331248422819
01/26/2017;21:00:00;64.5683458837121
01/26/2017;22:00:00;64.4071237703976
01/26/2017;23:00:00;64.5560542640487
01/27/2017;00:00:00;64.4365673877164
01/27/2017;01:00:00;64.2875481210604
01/27/2017;02:00:00;64.4860751800877
01/27/2017;03:00:00;64.3261430169517
01/27/2017;04:00:00;64.5054640618451
01/27/2017;05:00:00;64.5078285167348
01/27/2017;06:00:00;64.4879471508484
01/27/2017;07:00:00;64.5750538115849
01/27/2017;08:00:00;64.6347969957857
01/27/2017;09:00:00;64.586954342985
01/27/2017;10:00:00;64.6645413239195
01/27/2017;11:00:00;64.6644846533098
01/27/2017;12:00:00;64.581634023767
01/27/2017;13:00:00;65.2007970494854
01/27/2017;14:00:00;65.053252740588
01/27/2017;15:00:00;64.769241755388
01/27/2017;16:00:00;64.8342981296685
01/27/2017;17:00:00;65.1354296912555
01/27/2017;18:00:00;64.7693730263977
01/27/2017;19:00:00;64.717135557913
01/27/2017;20:00:00;64.6961770129205
01/27/2017;21:00:00;64.6770903166885
01/27/2017;22:00:00;64.9499325853575
01/27/2017;23:00:00;64.6344368075043
01/28/2017;00:00:00;64.682407049061
01/28/2017;01:00:00;64.6763116024452
01/28/2017;02:00:00;64.4039695490326
01/28/2017;03:00:00;64.3570028892569
01/28/2017;04:00:00;64.5787908445542
01/28/2017;05:00:00;64.3971710290162
01/28/2017;06:00:00;64.6519934320482
01/28/2017;07:00:00;64.4209006710441
01/28/2017;08:00:00;64.7215289963354
01/28/2017;09:00:00;64.4809392536317
01/28/2017;10:00:00;64.4714230364343
01/28/2017;11:00:00;64.4310433366808
01/28/2017;12:00:00;64.3626572878236
01/28/2017;13:00:00;64.4542778612167
01/28/2017;14:00:00;64.53501953483
01/28/2017;15:00:00;64.5322389286254
01/28/2017;16:00:00;64.5643084422562
01/28/2017;17:00:00;64.5147624241613
01/28/2017;18:00:00;64.5662472816795
01/28/2017;19:00:00;64.5883326370337
01/28/2017;20:00:00;64.5438623007121
01/28/2017;21:00:00;64.5038530459928
01/28/2017;22:00:00;64.6375321326593
01/28/2017;23:00:00;64.5298870126774
01/29/2017;00:00:00;64.6655310457151
01/29/2017;01:00:00;64.7048416416488
01/29/2017;02:00:00;64.6955620516691
01/29/2017;03:00:00;64.8649892027452
01/29/2017;04:00:00;64.5380384543506
01/29/2017;05:00:00;64.7207188617578
01/29/2017;06:00:00;64.6252286287657
01/29/2017;07:00:00;64.999557678429
01/29/2017;08:00:00;64.8324000694212
01/29/2017;09:00:00;64.7434621113768
01/29/2017;10:00:00;64.7485530404174
01/29/2017;11:00:00;64.7581973299184
01/29/2017;12:00:00;65.1558154056669
01/29/2017;13:00:00;64.8579211287456
01/29/2017;14:00:00;64.634884495422
01/29/2017;15:00:00;64.9348328210276
01/29/2017;16:00:00;64.7275663006787
01/29/2017;17:00:00;64.8863570955743
01/29/2017;18:00:00;64.7162550824769
01/29/2017;19:00:00;65.0194077915498
01/29/2017;20:00:00;64.6255213863494
01/29/2017;21:00:00;64.7235487276764
01/29/2017;22:00:00;64.6906843694956
01/29/2017;23:00:00;64.834223875648
01/30/2017;00:00:00;64.7266167830094
01/30/2017;01:00:00;64.4990742030424
01/30/2017;02:00:00;64.5552732479483
01/30/2017;03:00:00;64.6160243955569
01/30/2017;04:00:00;64.7024956999833
01/30/2017;05:00:00;64.6893038450075
01/30/2017;06:00:00;65.280210620428
01/30/2017;07:00:00;64.7241968554857
01/30/2017;08:00:00;64.7520571312686
01/30/2017;09:00:00;64.6466955684408
01/30/2017;10:00:00;64.501994507281
01/30/2017;11:00:00;64.5475496931343
01/30/2017;12:00:00;64.9625784900916
01/30/2017;13:00:00;64.3885436268344
01/30/2017;14:00:00;64.713860288424
01/30/2017;15:00:00;64.6083248910012
01/30/2017;16:00:00;64.5511582001245
01/30/2017;17:00:00;64.6953666852308
01/30/2017;18:00:00;64.5833071050169
01/30/2017;19:00:00;64.7158363624574
01/30/2017;20:00:00;64.6973441694471
01/30/2017;21:00:00;64.821983126486
01/30/2017;22:00:00;64.7564088019339
01/30/2017;23:00:00;64.7159176959463
01/31/2017;00:00:00;64.9931214001178
01/31/2017;01:00:00;64.6384240842398
01/31/2017;02:00:00;64.7698541522795
01/31/2017;03:00:00;64.7302838700593
01/31/2017;04:00:00;64.8816595778554
01/31/2017;05:00:00;64.7407863336182
01/31/2017;06:00:00;64.6845410148175
01/31/2017;07:00:00;64.7081027367393
01/31/2017;08:00:00;64.7021751321012
01/31/2017;09:00:00;64.7063091337438
01/31/2017;10:00:00;64.555045583002
01/31/2017;11:00:00;64.7315421301198
01/31/2017;12:00:00;64.8496561903769
01/31/2017;13:00:00;64.7526331283668
01/31/2017;14:00:00;64.8705269763328
01/31/2017;15:00:00;65.0487236373199
01/31/2017;16:00:00;65.1240143010942
01/31/2017;17:00:00;65.0707160422307
01/31/2017;18:00:00;65.1312250392018
01/31/2017;19:00:00;65.0933485922422
01/31/2017;20:00:00;65.2172321029567
01/31/2017;21:00:00;64.9222286183002
01/31/2017;22:00:00;64.8070398931276
01/31/2017;23:00:00;65.4288627518017
02/01/2017;00:00:00;64.5549556995601
02/01/2017;01:00:00;64.7115586551036
02/01/2017;02:00:00;64.5328844959301
02/01/2017;03:00:00;64.0939017070684
02/01/2017;04:00:00;64.580141935731
02/01/2017;05:00:00;64.4306182784899
02/01/2017;06:00:00;64.4045319455963
02/01/2017;07:00:00;64.4940588152869
02/01/2017;08:00:00;64.7248534622179
02/01/2017;09:00:00;64.0707811187745
02/01/2017;10:00:00;64.0845817310933
02/01/2017;11:00:00;64.1464266844196
02/01/2017;12:00:00;63.7982109958703
02/01/2017;13:00:00;64.0007470944408
02/01/2017;14:00:00;64.0783318432723
02/01/2017;15:00:00;63.750346301863
02/01/2017;16:00:00;63.8660134284312
02/01/2017;17:00:00;63.7852106526232
02/01/2017;18:00:00;63.885964214227
02/01/2017;19:00:00;63.7513310769633
02/01/2017;20:00:00;64.0158005534039
02/01/2017;21:00:00;63.0907074234265
02/01/2017;22:00:00;62.6396266597032
02/01/2017;23:00:00;62.5693633054256
02/02/2017;00:00:00;62.3633756880118
02/02/2017;01:00:00;62.3225977654188
02/02/2017;02:00:00;62.1398436188542
02/02/2017;03:00:00;62.0202518635843
02/02/2017;04:00:00;61.6889828297067
02/02/2017;05:00:00;62.2505225885772
02/02/2017;06:00:00;61.8618974320228
02/02/2017;07:00:00;61.8604283325753
02/02/2017;08:00:00;62.0244402820074
02/02/2017;09:00:00;62.5091385243695
02/02/2017;10:00:00;62.0061898747351
02/02/2017;11:00:00;63.0612660459833
02/02/2017;12:00:00;64.4463687214592
02/02/2017;13:00:00;64.9805850665853
02/02/2017;14:00:00;66.6733273733937
02/02/2017;15:00:00;67.2624242354319
02/02/2017;16:00:00;66.5820717954468
02/02/2017;17:00:00;65.877121078454
02/02/2017;18:00:00;65.1988287631203
02/02/2017;19:00:00;65.3533970016187
02/02/2017;20:00:00;64.8848549313115
02/02/2017;21:00:00;65.4393705910849
02/02/2017;22:00:00;65.552746944561
02/02/2017;23:00:00;64.4816885320138
02/03/2017;00:00:00;65.5275159658287
02/03/2017;01:00:00;64.9789553463931
02/03/2017;02:00:00;64.7197841268935
02/03/2017;03:00:00;64.7201694109865
02/03/2017;04:00:00;64.2995079777735
02/03/2017;05:00:00;64.1572259922447
02/03/2017;06:00:00;64.2815866895261
02/03/2017;07:00:00;64.3717197981584
02/03/2017;08:00:00;63.8226288125969
02/03/2017;09:00:00;64.0364048841785
02/03/2017;10:00:00;63.4828190927861
02/03/2017;11:00:00;63.7105170453348
02/03/2017;12:00:00;62.9470700209539
02/03/2017;13:00:00;63.3798047588257
02/03/2017;14:00:00;63.5605994714857
02/03/2017;15:00:00;63.4139502387021
02/03/2017;16:00:00;63.7365844563195
02/03/2017;17:00:00;63.1250240702168
02/03/2017;18:00:00;64.101593731084
02/03/2017;19:00:00;64.9979127893482
02/03/2017;20:00:00;65.2850172036845
02/03/2017;21:00:00;65.3898288534847
02/03/2017;22:00:00;65.2543726141929
02/03/2017;23:00:00;65.195578178511
02/04/2017;00:00:00;65.3502932798418
02/04/2017;01:00:00;65.3741799136147
02/04/2017;02:00:00;65.2915273996852
02/04/2017;03:00:00;65.3377205185327
02/04/2017;04:00:00;65.3701038612166
02/04/2017;05:00:00;65.2984227992291
02/04/2017;06:00:00;65.2919471039774
02/04/2017;07:00:00;65.3774803487341
02/04/2017;08:00:00;65.4222198640364
02/04/2017;09:00:00;65.4678422527595
02/04/2017;10:00:00;65.3037841829041
02/04/2017;11:00:00;65.4019349914233
02/04/2017;12:00:00;65.1848973740018
02/04/2017;13:00:00;65.4249745634057
02/04/2017;14:00:00;65.3157726002834
02/04/2017;15:00:00;65.4551586609791
02/04/2017;16:00:00;65.4480489271384
02/04/2017;17:00:00;65.4225310765008
02/04/2017;18:00:00;65.3657532284441
02/04/2017;19:00:00;65.5530359576579
02/04/2017;20:00:00;65.4700300976587
02/04/2017;21:00:00;65.5076633168838
02/04/2017;22:00:00;65.3265438150613
02/04/2017;23:00:00;65.7072131404732
02/05/2017;00:00:00;65.3759604187778
02/05/2017;01:00:00;65.4095284248642
02/05/2017;02:00:00;65.5538702147432
02/05/2017;03:00:00;65.3126269079581
02/05/2017;04:00:00;65.332606002756
02/05/2017;05:00:00;65.3268481539821
02/05/2017;06:00:00;65.39885801497
02/05/2017;07:00:00;65.2094298100024
02/05/2017;08:00:00;65.2023751414947
02/05/2017;09:00:00;65.2065124966458
02/05/2017;10:00:00;65.2221315983391
02/05/2017;11:00:00;64.7821829813202
02/05/2017;12:00:00;64.7536412439319
02/05/2017;13:00:00;64.9289230672714
02/05/2017;14:00:00;64.936383222365
02/05/2017;15:00:00;65.0427909574074
02/05/2017;16:00:00;64.9562379031815
02/05/2017;17:00:00;65.18841189973
02/05/2017;18:00:00;65.1472038217973
02/05/2017;19:00:00;65.1230342565253
02/05/2017;20:00:00;64.9944379178155
02/05/2017;21:00:00;65.10073263465
02/05/2017;22:00:00;64.9684971478342
02/05/2017;23:00:00;65.0095751165719
02/06/2017;00:00:00;64.9957080451297
02/06/2017;01:00:00;65.1111453172758
02/06/2017;02:00:00;65.1696698517467
02/06/2017;03:00:00;64.9289867119926
02/06/2017;04:00:00;65.0032664443451
02/06/2017;05:00:00;65.1268833114411
02/06/2017;06:00:00;64.9692378462073
02/06/2017;07:00:00;65.1265466592543
02/06/2017;08:00:00;65.1785340504648
02/06/2017;09:00:00;65.2648150834933
02/06/2017;10:00:00;65.6074011178596
02/06/2017;11:00:00;65.6434138409016
02/06/2017;12:00:00;65.3077391280156
02/06/2017;13:00:00;65.3820251564229
02/06/2017;14:00:00;65.5251773935126
02/06/2017;15:00:00;65.3119551368228
02/06/2017;16:00:00;65.4630099441653
02/06/2017;17:00:00;65.3437898990576
02/06/2017;18:00:00;65.4129108886341
02/06/2017;19:00:00;65.1572322125133
02/06/2017;20:00:00;65.285952778558
02/06/2017;21:00:00;65.4367152450019
02/06/2017;22:00:00;65.5764166763203
02/06/2017;23:00:00;65.4156260352632
02/07/2017;00:00:00;65.5424745230877
02/07/2017;01:00:00;65.8701135768066
02/07/2017;02:00:00;65.8832444955257
02/07/2017;03:00:00;65.7578401134225
02/07/2017;04:00:00;65.7715189936126
02/07/2017;05:00:00;65.8574613246695
02/07/2017;06:00:00;65.7856077363512
02/07/2017;07:00:00;65.7600216396256
02/07/2017;08:00:00;64.5429168868337
02/07/2017;09:00:00;64.2338405561984
02/07/2017;10:00:00;64.7114668499022
02/07/2017;11:00:00;64.5547473691761
02/07/2017;12:00:00;64.3791667943346
02/07/2017;13:00:00;64.2876926667243
02/07/2017;14:00:00;63.5392761499218
02/07/2017;15:00:00;62.6715154578944
02/07/2017;16:00:00;62.155884759482
02/07/2017;17:00:00;61.9230244006578
02/07/2017;18:00:00;61.9155590256527
02/07/2017;19:00:00;61.8687973062613
02/07/2017;20:00:00;61.9359860154994
02/07/2017;21:00:00;62.1796461510638
02/07/2017;22:00:00;62.1239551492794
02/07/2017;23:00:00;62.1080321531717
02/08/2017;00:00:00;62.2963728107286
02/08/2017;01:00:00;62.2811991799216
02/08/2017;02:00:00;62.3669894672787
02/08/2017;03:00:00;62.3866594278628
02/08/2017;04:00:00;62.7291649622031
02/08/2017;05:00:00;62.6732389961437
02/08/2017;06:00:00;62.638079331968
02/08/2017;07:00:00;62.8308336949438
02/08/2017;08:00:00;62.7711965057926
02/08/2017;09:00:00;62.8372126345243
02/08/2017;10:00:00;62.867698973599
02/08/2017;11:00:00;62.7646277671094
02/08/2017;12:00:00;63.7699667291622
02/08/2017;13:00:00;63.6155425097232
02/08/2017;14:00:00;64.5694461396748
02/08/2017;15:00:00;66.3485142538885
02/08/2017;16:00:00;68.9275242502199
02/08/2017;17:00:00;69.5346481121434
02/08/2017;18:00:00;72.7261643266931
02/08/2017;19:00:00;74.6154959650527
02/08/2017;20:00:00;74.59725123503
02/08/2017;21:00:00;72.750155623823
02/08/2017;22:00:00;72.4142611567008
02/08/2017;23:00:00;71.4438454974168
02/09/2017;00:00:00;71.1427038329492
02/09/2017;01:00:00;71.3119124996817
02/09/2017;02:00:00;71.2138216813045
02/09/2017;03:00:00;71.1213776074203
02/09/2017;04:00:00;71.2887194310007
02/09/2017;05:00:00;71.7844374461753
02/09/2017;06:00:00;72.4259374491713
02/09/2017;07:00:00;72.7354522007174
02/09/2017;08:00:00;72.9056888339829
02/09/2017;09:00:00;73.0046580084591
02/09/2017;10:00:00;73.0447635847813
02/09/2017;11:00:00;72.8582701651433
02/09/2017;12:00:00;73.572267644138
02/09/2017;13:00:00;74.2737044975681
02/09/2017;14:00:00;75.3308676131859
02/09/2017;15:00:00;75.1547059170849
02/09/2017;16:00:00;76.0355771995057
02/09/2017;17:00:00;76.5110191502422
02/09/2017;18:00:00;75.5986869394339
02/09/2017;19:00:00;75.2359703021328
02/09/2017;20:00:00;74.6632722902766
02/09/2017;21:00:00;74.4478006985628
02/09/2017;22:00:00;73.264748734082
02/09/2017;23:00:00;73.7782272519875
02/10/2017;00:00:00;73.5738947892767
02/10/2017;01:00:00;73.583844980398
02/10/2017;02:00:00;73.6119024722451
02/10/2017;03:00:00;73.6065099950408
02/10/2017;04:00:00;73.3606267571888
02/10/2017;05:00:00;73.6097595633962
02/10/2017;06:00:00;73.5409667243611
02/10/2017;07:00:00;73.3446132448889
02/10/2017;08:00:00;73.711503783195
02/10/2017;09:00:00;74.531206344656
02/10/2017;10:00:00;73.4079074423095
02/10/2017;11:00:00;72.9023912789328
02/10/2017;12:00:00;73.6072079584537
02/10/2017;13:00:00;73.3773179868058
02/10/2017;14:00:00;73.5764124832094
02/10/2017;15:00:00;73.8299426918974
02/10/2017;16:00:00;73.6393569438885
02/10/2017;17:00:00;74.0470636635889
02/10/2017;18:00:00;74.2724043502189
02/10/2017;19:00:00;73.888352495464
02/10/2017;20:00:00;74.1889847124177
02/10/2017;21:00:00;74.2200234073324
02/10/2017;22:00:00;74.0045514946071
02/10/2017;23:00:00;73.8663244110658
02/11/2017;00:00:00;73.8915997142561
02/11/2017;01:00:00;74.0693623358161
02/11/2017;02:00:00;73.9696965284521
02/11/2017;03:00:00;74.1128980249251
02/11/2017;04:00:00;74.1769952414427
02/11/2017;05:00:00;74.2011422373193
02/11/2017;06:00:00;74.2664515133955
02/11/2017;07:00:00;74.1968365469708
02/11/2017;08:00:00;74.1320526164261
02/11/2017;09:00:00;74.0093699965417
02/11/2017;10:00:00;73.9582438154097
02/11/2017;11:00:00;73.7234884389335
02/11/2017;12:00:00;73.9944629032444
02/11/2017;13:00:00;74.0900300610245
02/11/2017;14:00:00;74.38395172749
02/11/2017;15:00:00;74.3161853600955
02/11/2017;16:00:00;74.2875586776389
02/11/2017;17:00:00;74.44776093594
02/11/2017;18:00:00;74.3117598930367
02/11/2017;19:00:00;74.4603593969473
02/11/2017;20:00:00;74.4052113370926
02/11/2017;21:00:00;74.7004320099152
02/11/2017;22:00:00;74.4694580334098
02/11/2017;23:00:00;74.4080748530293
02/12/2017;00:00:00;74.6002759004204
02/12/2017;01:00:00;74.1835218534008
02/12/2017;02:00:00;74.3071268983637
02/12/2017;03:00:00;74.1733986598079
02/12/2017;04:00:00;74.8341057990942
02/12/2017;05:00:00;75.0712954045999
02/12/2017;06:00:00;74.9054948895396
02/12/2017;07:00:00;74.4225273156977
02/12/2017;08:00:00;75.2255594609958
02/12/2017;09:00:00;75.3952123028083
02/12/2017;10:00:00;74.3896456298676
02/12/2017;11:00:00;73.9393869905392
02/12/2017;12:00:00;74.4936353360998
02/12/2017;13:00:00;74.3717897630204
02/12/2017;14:00:00;74.7156695377362
02/12/2017;15:00:00;73.3475448520339
02/12/2017;16:00:00;73.6231610320164
02/12/2017;17:00:00;73.9207959325654
02/12/2017;18:00:00;74.5047150385627
02/12/2017;19:00:00;73.9186054048165
02/12/2017;20:00:00;74.0497798483295
02/12/2017;21:00:00;73.9587989196927
02/12/2017;22:00:00;74.1189044828084
02/12/2017;23:00:00;73.9173044670499
02/13/2017;00:00:00;73.7975552677521
02/13/2017;01:00:00;73.3856469764854
02/13/2017;02:00:00;73.366857348456
02/13/2017;03:00:00;73.4639379153685
02/13/2017;04:00:00;73.3997573437771
02/13/2017;05:00:00;73.360296067028
02/13/2017;06:00:00;73.7941120520135
02/13/2017;07:00:00;73.3179222694331
02/13/2017;08:00:00;72.8736187042056
02/13/2017;09:00:00;72.4367284999184
02/13/2017;10:00:00;72.7416528162888
02/13/2017;11:00:00;72.1691407585807
02/13/2017;12:00:00;72.119580112487
02/13/2017;13:00:00;71.4035415051031
02/13/2017;14:00:00;70.785798221461
02/13/2017;15:00:00;70.7866314089539
02/13/2017;16:00:00;70.7650921171204
02/13/2017;17:00:00;71.285277776365
02/13/2017;18:00:00;71.0587440000746
02/13/2017;19:00:00;71.0325276758144
02/13/2017;20:00:00;70.7439381874663
02/13/2017;21:00:00;71.3484851020281
02/13/2017;22:00:00;71.1911957650473
02/13/2017;23:00:00;71.1595012791896
02/14/2017;00:00:00;71.1574442748286
02/14/2017;01:00:00;71.0451559874457
02/14/2017;02:00:00;71.1815032732347
02/14/2017;03:00:00;70.9871454987368
02/14/2017;04:00:00;70.8102493849881
02/14/2017;05:00:00;71.1228199712858
02/14/2017;06:00:00;70.8718760010439
02/14/2017;07:00:00;70.1965048326979
02/14/2017;08:00:00;70.305199664035
02/14/2017;09:00:00;70.6386408550315
02/14/2017;10:00:00;70.6199225196006
02/14/2017;11:00:00;70.6930484391324
02/14/2017;12:00:00;70.4987799366918
02/14/2017;13:00:00;69.9133431232894
02/14/2017;14:00:00;70.4145963528383
02/14/2017;15:00:00;70.230047084192
02/14/2017;16:00:00;71.0646532892182
02/14/2017;17:00:00;71.9435478190075
02/14/2017;18:00:00;72.5219119871467
02/14/2017;19:00:00;72.3563920497834
02/14/2017;20:00:00;75.2304849559267
02/14/2017;21:00:00;77.9837184908017
02/14/2017;22:00:00;75.7520863023284
02/14/2017;23:00:00;74.6464991225144
02/15/2017;00:00:00;73.4043651515564
02/15/2017;01:00:00;71.786736302173
02/15/2017;02:00:00;70.8823179296027
02/15/2017;03:00:00;70.9620352041848
02/15/2017;04:00:00;70.3331584386655
02/15/2017;05:00:00;69.3687767344792
02/15/2017;06:00:00;67.390715967771
02/15/2017;07:00:00;65.9172031750825
02/15/2017;08:00:00;65.2781414146867
02/15/2017;09:00:00;64.3615115596587
02/15/2017;10:00:00;63.2715146459515
02/15/2017;11:00:00;62.5001903174181
02/15/2017;12:00:00;62.0245890779769
02/15/2017;13:00:00;61.7788047074236
02/15/2017;14:00:00;62.2381460402304
02/15/2017;15:00:00;61.6868392523281
02/15/2017;16:00:00;61.5410245477126
02/15/2017;17:00:00;61.1587778824964
02/15/2017;18:00:00;60.9650546279818
02/15/2017;19:00:00;60.2810167110396
02/15/2017;20:00:00;60.242903211956
02/15/2017;21:00:00;60.1239738998461
02/15/2017;22:00:00;59.9737442714492
02/15/2017;23:00:00;59.907856441217
02/16/2017;00:00:00;59.8511546111563
02/16/2017;01:00:00;59.7738697391523
02/16/2017;02:00:00;59.7504500620214
02/16/2017;03:00:00;59.6811503951618
02/16/2017;04:00:00;59.3109400847062
02/16/2017;05:00:00;59.1034523755261
02/16/2017;06:00:00;58.72985935187
02/16/2017;07:00:00;59.5751077848917
02/16/2017;08:00:00;58.7846344494456
02/16/2017;09:00:00;58.568466648443
02/16/2017;10:00:00;58.8333703481207
02/16/2017;11:00:00;60.3351185869648
02/16/2017;12:00:00;61.1301673296441
02/16/2017;13:00:00;61.0516685925782
02/16/2017;14:00:00;60.7357765275991
02/16/2017;15:00:00;60.7454619772329
02/16/2017;16:00:00;60.8021065067868
02/16/2017;17:00:00;60.5061491255671
02/16/2017;18:00:00;60.6545980467371
02/16/2017;19:00:00;60.4129081567186
02/16/2017;20:00:00;60.2762668805801
02/16/2017;21:00:00;60.2645843753698
02/16/2017;22:00:00;60.2118404423394
02/16/2017;23:00:00;60.2319076147623
02/17/2017;00:00:00;59.9154089029373
02/17/2017;01:00:00;60.1327302596687
02/17/2017;02:00:00;60.1245944654202
02/17/2017;03:00:00;60.326370987409
02/17/2017;04:00:00;60.8633589428414
02/17/2017;05:00:00;60.3997530174016
02/17/2017;06:00:00;60.5231375374095
02/17/2017;07:00:00;60.4353463980745
02/17/2017;08:00:00;60.1600821863348
02/17/2017;09:00:00;59.20920387051
02/17/2017;10:00:00;59.6866534397202
02/17/2017;11:00:00;60.4596207448282
02/17/2017;12:00:00;60.8864640558864
02/17/2017;13:00:00;60.553433887876
02/17/2017;14:00:00;60.7674068874677
02/17/2017;15:00:00;60.8764115092669
02/17/2017;16:00:00;60.6091933891559
02/17/2017;17:00:00;61.0970170999277
02/17/2017;18:00:00;60.9467870848947
02/17/2017;19:00:00;60.6437835509155
02/17/2017;20:00:00;61.3954043968739
02/17/2017;21:00:00;60.9462831603972
02/17/2017;22:00:00;61.1530156975471
02/17/2017;23:00:00;60.9974851296264
02/18/2017;00:00:00;61.0954313616207
02/18/2017;01:00:00;61.2012756340956
02/18/2017;02:00:00;61.1659774558025
02/18/2017;03:00:00;61.3160401957413
02/18/2017;04:00:00;61.335972533717
02/18/2017;05:00:00;61.3948450745845
02/18/2017;06:00:00;61.4454474764055
02/18/2017;07:00:00;61.338369517863
02/18/2017;08:00:00;61.2162395147356
02/18/2017;09:00:00;61.1113865539078
02/18/2017;10:00:00;61.3798105913499
02/18/2017;11:00:00;61.0339444682555
02/18/2017;12:00:00;61.1236475895909
02/18/2017;13:00:00;61.3412324796589
02/18/2017;14:00:00;61.2905791012246
02/18/2017;15:00:00;61.4473869574208
02/18/2017;16:00:00;61.6155664126741
02/18/2017;17:00:00;60.9501553012735
02/18/2017;18:00:00;61.761170722729
02/18/2017;19:00:00;61.649508550125
02/18/2017;20:00:00;61.3872627877789
02/18/2017;21:00:00;61.1294882288439
02/18/2017;22:00:00;60.8901868109291
02/18/2017;23:00:00;61.4413743655218
02/19/2017;00:00:00;61.5862234069092
02/19/2017;01:00:00;61.2717662908944
02/19/2017;02:00:00;61.0453702260693
02/19/2017;03:00:00;61.1563561728736
02/19/2017;04:00:00;61.2331426687624
02/19/2017;05:00:00;60.8447734953872
02/19/2017;06:00:00;60.9460304555285
02/19/2017;07:00:00;61.3921361133356
02/19/2017;08:00:00;61.0276378137337
02/19/2017;09:00:00;60.9370320965884
02/19/2017;10:00:00;60.9205737204245
02/19/2017;11:00:00;61.0127266518517
02/19/2017;12:00:00;60.9609552042781
02/19/2017;13:00:00;61.0686486709218
02/19/2017;14:00:00;60.9564856972409
02/19/2017;15:00:00;60.9515998370318
02/19/2017;16:00:00;61.1152900775607
02/19/2017;17:00:00;61.0699018512438
02/19/2017;18:00:00;61.097894677075
02/19/2017;19:00:00;61.1834313200256
02/19/2017;20:00:00;61.3160506109985
02/19/2017;21:00:00;61.2558950964375
02/19/2017;22:00:00;61.1400690130302
02/19/2017;23:00:00;61.4639214610845
02/20/2017;00:00:00;61.225638576941
02/20/2017;01:00:00;61.2583528584797
02/20/2017;02:00:00;61.3947503100885
02/20/2017;03:00:00;61.3630516670888
02/20/2017;04:00:00;61.7290942850237
02/20/2017;05:00:00;61.0360395076756
02/20/2017;06:00:00;61.7353907998104
02/20/2017;07:00:00;61.3855617468139
02/20/2017;08:00:00;61.6178733358433
02/20/2017;09:00:00;61.4990494492538
02/20/2017;10:00:00;61.4408801801134
02/20/2017;11:00:00;60.784818940745
02/20/2017;12:00:00;61.0069658305233
02/20/2017;13:00:00;60.889808218636
02/20/2017;14:00:00;60.7809702075095
02/20/2017;15:00:00;61.0137080403048
02/20/2017;16:00:00;60.8230210262338
02/20/2017;17:00:00;60.7072044638902
02/20/2017;18:00:00;60.9009468350635
02/20/2017;19:00:00;61.2529808930366
02/20/2017;20:00:00;61.0615988401057
02/20/2017;21:00:00;60.8980940293945
02/20/2017;22:00:00;60.7076178501416
02/20/2017;23:00:00;60.9479021914055
02/21/2017;00:00:00;60.9276538682797
02/21/2017;01:00:00;60.725074738987
02/21/2017;02:00:00;60.7603075458549
02/21/2017;03:00:00;60.6348027935581
02/21/2017;04:00:00;60.5725042494057
02/21/2017;05:00:00;60.4000421410771
02/21/2017;06:00:00;61.1903240567422
02/21/2017;07:00:00;61.8623585369454
02/21/2017;08:00:00;61.3649431300361
02/21/2017;09:00:00;60.8897443614846
02/21/2017;10:00:00;60.6427982371638
02/21/2017;11:00:00;61.1274794930467
02/21/2017;12:00:00;60.2789651476821
02/21/2017;13:00:00;60.2416088138949
02/21/2017;14:00:00;60.2057557788536
02/21/2017;15:00:00;60.2614708744767
02/21/2017;16:00:00;60.7504687901508
02/21/2017;17:00:00;60.5898380456395
02/21/2017;18:00:00;61.1298179766204
02/21/2017;19:00:00;60.422269232787
02/21/2017;20:00:00;60.5031395083264
02/21/2017;21:00:00;60.3521801992212
02/21/2017;22:00:00;60.7867478467188
02/21/2017;23:00:00;60.603033566556
02/22/2017;00:00:00;60.5492805468761
02/22/2017;01:00:00;60.4001552426217
02/22/2017;02:00:00;59.6419614963633
02/22/2017;03:00:00;60.5531042582441
02/22/2017;04:00:00;60.5547036098325
02/22/2017;05:00:00;60.6817138003492
02/22/2017;06:00:00;60.4681046240451
02/22/2017;07:00:00;59.1164895941402
02/22/2017;08:00:00;55.7709601986184
02/22/2017;09:00:00;59.5398811942711
02/22/2017;10:00:00;59.3757921845258
02/22/2017;11:00:00;59.6171839560085
02/22/2017;12:00:00;59.2921026137814
02/22/2017;13:00:00;59.538703229579
02/22/2017;14:00:00;60.0087639760591
02/22/2017;15:00:00;60.5310219816193
02/22/2017;16:00:00;60.2787027734195
02/22/2017;17:00:00;60.3178617312381
02/22/2017;18:00:00;60.5806436255357
02/22/2017;19:00:00;60.414319807169
02/22/2017;20:00:00;60.1549493350174
02/22/2017;21:00:00;59.9689939098361
02/22/2017;22:00:00;60.1306662192024
02/22/2017;23:00:00;59.9280860059365
02/23/2017;00:00:00;59.1481990586851
02/23/2017;01:00:00;60.3170096099554
02/23/2017;02:00:00;60.6908072593266
02/23/2017;03:00:00;59.4426035678535
02/23/2017;04:00:00;59.1883664300493
02/23/2017;05:00:00;59.3136921280193
02/23/2017;06:00:00;59.6743378402866
02/23/2017;07:00:00;59.7406982986791
02/23/2017;08:00:00;60.1012805925882
02/23/2017;09:00:00;60.2569995725103
02/23/2017;10:00:00;59.9760822928756
02/23/2017;11:00:00;59.2177233132315
02/23/2017;12:00:00;57.5336561508018
02/23/2017;13:00:00;60.5641607090968
02/23/2017;14:00:00;60.8920589911854
02/23/2017;15:00:00;61.0106639621082
02/23/2017;16:00:00;61.4199240831309
02/23/2017;17:00:00;62.1369543344246
02/23/2017;18:00:00;62.3656946869021
02/23/2017;19:00:00;61.9091230005783
02/23/2017;20:00:00;61.8952982300021
02/23/2017;21:00:00;61.870038901172
02/23/2017;22:00:00;62.0747426344725
02/23/2017;23:00:00;61.8959414293511
02/24/2017;00:00:00;62.0593256628775
02/24/2017;01:00:00;61.9320891334094
02/24/2017;02:00:00;61.4930084625254
02/24/2017;03:00:00;61.6786574496527
02/24/2017;04:00:00;61.2837028273538
02/24/2017;05:00:00;61.0767683112814
02/24/2017;06:00:00;61.7098638096897
02/24/2017;07:00:00;61.3217361520345
02/24/2017;08:00:00;61.9253380809752
02/24/2017;09:00:00;61.6911651825882
02/24/2017;10:00:00;62.2452871239051
02/24/2017;11:00:00;61.7882497410976
02/24/2017;12:00:00;60.6106156008759
02/24/2017;13:00:00;59.21226932949
02/24/2017;14:00:00;60.0896184834894
02/24/2017;15:00:00;60.4684036466541
02/24/2017;16:00:00;61.0108332128016
02/24/2017;17:00:00;62.1071848155589
02/24/2017;18:00:00;61.22665823312
02/24/2017;19:00:00;59.0205262853428
02/24/2017;20:00:00;59.6907851304378
02/24/2017;21:00:00;59.2658709561763
02/24/2017;22:00:00;59.7888780130575
02/24/2017;23:00:00;59.3515122856026
02/25/2017;00:00:00;59.2761497585699
02/25/2017;01:00:00;59.119530480245
02/25/2017;02:00:00;59.6864809663186
02/25/2017;03:00:00;59.3559430892918
02/25/2017;04:00:00;59.3159985250151
02/25/2017;05:00:00;59.1724212171936
02/25/2017;06:00:00;58.6718084878246
02/25/2017;07:00:00;58.8806733130749
02/25/2017;08:00:00;58.918289794694
02/25/2017;09:00:00;58.5080798100332
02/25/2017;10:00:00;67.9398169710459
02/25/2017;11:00:00;70.9508789571367
02/25/2017;12:00:00;71.8775034340677
02/25/2017;13:00:00;73.0778828738462
02/25/2017;14:00:00;73.6682188007715
02/25/2017;15:00:00;75.4379835406053
02/25/2017;16:00:00;74.8642302773555
02/25/2017;17:00:00;73.3720125485528
02/25/2017;18:00:00;72.8685461542634
02/25/2017;19:00:00;72.9344383348954
02/25/2017;20:00:00;72.6077032464557
02/25/2017;21:00:00;71.5042860669114
02/25/2017;22:00:00;70.8455022564922
02/25/2017;23:00:00;70.4217720856596
02/26/2017;00:00:00;70.3160193230586
02/26/2017;01:00:00;70.3840405051697
02/26/2017;02:00:00;70.372171694536
02/26/2017;03:00:00;70.2595466189909
02/26/2017;04:00:00;70.3020212327153
02/26/2017;05:00:00;70.3306372606445
02/26/2017;06:00:00;70.3998161207581
02/26/2017;07:00:00;70.0283914015903
02/26/2017;08:00:00;70.1477643709866
02/26/2017;09:00:00;70.0727151672388
02/26/2017;10:00:00;70.0653772665474
02/26/2017;11:00:00;70.4046673463962
02/26/2017;12:00:00;70.1195223683731
02/26/2017;13:00:00;70.4187707162485
02/26/2017;14:00:00;70.2557075462163
02/26/2017;15:00:00;70.0813518932825
02/26/2017;16:00:00;70.1346702421096
02/26/2017;17:00:00;70.2614449489074
02/26/2017;18:00:00;70.2515487009306
02/26/2017;19:00:00;70.0569282765917
02/26/2017;20:00:00;69.9181679582712
02/26/2017;21:00:00;70.4238452577813
02/26/2017;22:00:00;70.1200343068738
02/26/2017;23:00:00;69.9445365417855
02/27/2017;00:00:00;70.3051176438201
02/27/2017;01:00:00;70.0772865789536
02/27/2017;02:00:00;69.7465513948217
02/27/2017;03:00:00;69.9413507419297
02/27/2017;04:00:00;69.8949299984694
02/27/2017;05:00:00;69.8755112971212
02/27/2017;06:00:00;70.0013232572748
02/27/2017;07:00:00;69.9243395924205
02/27/2017;08:00:00;71.3155006045572
02/27/2017;09:00:00;71.0927537331989
02/27/2017;10:00:00;71.4339163913364
02/27/2017;11:00:00;71.60100054646
02/27/2017;12:00:00;71.4570804119211
02/27/2017;13:00:00;71.5444767182885
02/27/2017;14:00:00;71.9282679691315
02/27/2017;15:00:00;72.3453549610387
02/27/2017;16:00:00;71.9120584581325
02/27/2017;17:00:00;72.2309828366135
02/27/2017;18:00:00;72.3579183195079
02/27/2017;19:00:00;71.860740239518
02/27/2017;20:00:00;71.7089144058193
02/27/2017;21:00:00;71.8170726566492
02/27/2017;22:00:00;71.7391560333207
02/27/2017;23:00:00;71.6620649395902
02/28/2017;00:00:00;71.911467001088
02/28/2017;01:00:00;71.1695489225364
02/28/2017;02:00:00;71.5680109271113
02/28/2017;03:00:00;71.5292634940353
02/28/2017;04:00:00;71.5132821277861
02/28/2017;05:00:00;71.4598884071032
02/28/2017;06:00:00;71.2293800631526
02/28/2017;07:00:00;71.5065167883766
02/28/2017;08:00:00;71.2244624780847
02/28/2017;09:00:00;71.2712658095026
02/28/2017;10:00:00;71.5860215610296
02/28/2017;11:00:00;70.7178818465152
02/28/2017;12:00:00;69.6831433168251
02/28/2017;13:00:00;70.4320603305192
02/28/2017;14:00:00;70.5299751815298
02/28/2017;15:00:00;71.6104422508964
02/28/2017;16:00:00;71.3946480298579
02/28/2017;17:00:00;71.0768151856711
02/28/2017;18:00:00;71.4721584148712
02/28/2017;19:00:00;71.6467297447036
02/28/2017;20:00:00;71.9467379557954
02/28/2017;21:00:00;71.8392090092084
02/28/2017;22:00:00;71.6450946919679
02/28/2017;23:00:00;71.7884109888208
03/01/2017;00:00:00;71.7555631485481
03/01/2017;01:00:00;71.5183993501186
03/01/2017;02:00:00;71.6958489401372
03/01/2017;03:00:00;71.4458919430717
03/01/2017;04:00:00;71.3566993861424
03/01/2017;05:00:00;71.1143516440439
03/01/2017;06:00:00;71.1030293700133
03/01/2017;07:00:00;71.0827473637276
03/01/2017;08:00:00;70.9772228974918
03/01/2017;09:00:00;71.2918437754597
03/01/2017;10:00:00;67.8882024859904
03/01/2017;11:00:00;65.1824438754909
03/01/2017;12:00:00;67.539991324189
03/01/2017;13:00:00;71.1007358417886
03/01/2017;14:00:00;72.1238777958137
03/01/2017;15:00:00;72.0560020832859
03/01/2017;16:00:00;71.3258156330145
03/01/2017;17:00:00;71.3373892303652
03/01/2017;18:00:00;70.9276131929807
03/01/2017;19:00:00;70.595008846961
03/01/2017;20:00:00;70.6697918112773
03/01/2017;21:00:00;70.9005844481613
03/01/2017;22:00:00;70.6965043188017
03/01/2017;23:00:00;70.7372448354705
03/02/2017;00:00:00;70.6993188558237
03/02/2017;01:00:00;70.8154794883337
03/02/2017;02:00:00;70.695443637885
03/02/2017;03:00:00;70.780745986609
03/02/2017;04:00:00;70.7983567340258
03/02/2017;05:00:00;70.8888841824705
03/02/2017;06:00:00;71.6542247015975
03/02/2017;07:00:00;74.7293702120347
03/02/2017;08:00:00;75.6830488613069
03/02/2017;09:00:00;75.4690660445051
03/02/2017;10:00:00;73.611526242697
03/02/2017;11:00:00;73.3538146895902
03/02/2017;12:00:00;73.0389134653627
03/02/2017;13:00:00;73.1773001909492
03/02/2017;14:00:00;73.613542201892
03/02/2017;15:00:00;73.3960978601297
03/02/2017;16:00:00;73.6340892325084
03/02/2017;17:00:00;73.1657779216098
03/02/2017;18:00:00;70.6022970048009
03/02/2017;19:00:00;66.4352121870457
03/02/2017;20:00:00;64.8091609092255
03/02/2017;21:00:00;66.3998509893555
03/02/2017;22:00:00;67.8170966435737
03/02/2017;23:00:00;68.3564756598161
03/03/2017;00:00:00;68.4396035673487
03/03/2017;01:00:00;71.9757618575584
03/03/2017;02:00:00;75.0006986414836
03/03/2017;03:00:00;76.1971975003445
03/03/2017;04:00:00;76.1843006791591
03/03/2017;05:00:00;76.2218287204959
03/03/2017;06:00:00;76.4717146783805
03/03/2017;07:00:00;76.3414646196338
03/03/2017;08:00:00;74.6716043453087
03/03/2017;09:00:00;75.5348086177385
03/03/2017;10:00:00;74.5312183264233
03/03/2017;11:00:00;74.7167069457662
03/03/2017;12:00:00;74.7609226999483
03/03/2017;13:00:00;74.0450080885178
03/03/2017;14:00:00;74.5115469617194
03/03/2017;15:00:00;74.2322860545751
03/03/2017;16:00:00;73.7292383918048
03/03/2017;17:00:00;71.1755968722307
03/03/2017;18:00:00;67.7234675843378
03/03/2017;19:00:00;63.7522012264581
03/03/2017;20:00:00;61.3421666342933
03/03/2017;21:00:00;60.2911000857095
03/03/2017;22:00:00;59.957991026437
03/03/2017;23:00:00;59.3340960641699
03/04/2017;00:00:00;59.1952872099081
03/04/2017;01:00:00;59.3360995317359
03/04/2017;02:00:00;59.7475972760957
03/04/2017;03:00:00;61.2882757017404
03/04/2017;04:00:00;63.4155757726228
03/04/2017;05:00:00;65.1660461825959
03/04/2017;06:00:00;66.4151293654111
03/04/2017;07:00:00;66.6280072226323
03/04/2017;08:00:00;66.3280895133994
03/04/2017;09:00:00;66.9954798047004
03/04/2017;10:00:00;66.290890669132
03/04/2017;11:00:00;67.2552127048194
03/04/2017;12:00:00;67.7259161709651
03/04/2017;13:00:00;66.7848859172322
03/04/2017;14:00:00;65.330732031866
03/04/2017;15:00:00;65.6709166409946
03/04/2017;16:00:00;65.9825053932574
03/04/2017;17:00:00;66.7242214977492
03/04/2017;18:00:00;66.2804427013649
03/04/2017;19:00:00;66.3522118051025
03/04/2017;20:00:00;66.3968244806273
03/04/2017;21:00:00;66.3984383226269
03/04/2017;22:00:00;66.4445035332349
03/04/2017;23:00:00;66.3273990406505
03/05/2017;00:00:00;66.3807877853541
03/05/2017;01:00:00;66.3993973336217
03/05/2017;02:00:00;66.4154716370945
03/05/2017;03:00:00;66.4794866122283
03/05/2017;04:00:00;66.3282197978348
03/05/2017;05:00:00;66.0374216604813
03/05/2017;06:00:00;66.3211559290033
03/05/2017;07:00:00;66.324718268608
03/05/2017;08:00:00;66.1654236949327
03/05/2017;09:00:00;66.0028715229263
03/05/2017;10:00:00;66.4346939600793
03/05/2017;11:00:00;66.0065215587226
03/05/2017;12:00:00;65.9641098026877
03/05/2017;13:00:00;66.1700312734849
03/05/2017;14:00:00;66.2209613959008
03/05/2017;15:00:00;66.2003817105043
03/05/2017;16:00:00;66.3241667944732
03/05/2017;17:00:00;66.3638595746918
03/05/2017;18:00:00;66.0476750493813
03/05/2017;19:00:00;66.0152868227422
03/05/2017;20:00:00;66.0382646995664
03/05/2017;21:00:00;66.1080207886586
03/05/2017;22:00:00;66.4696333835955
03/05/2017;23:00:00;66.3821342174771
03/06/2017;00:00:00;66.7057516189139
03/06/2017;01:00:00;65.8787951986682
03/06/2017;02:00:00;66.224238898018
03/06/2017;03:00:00;66.3045657734422
03/06/2017;04:00:00;66.1052726638546
03/06/2017;05:00:00;66.2954431176903
03/06/2017;06:00:00;66.0184264077228
03/06/2017;07:00:00;66.1702242149086
03/06/2017;08:00:00;66.100732056508
03/06/2017;09:00:00;67.1068809625147
03/06/2017;10:00:00;66.6963143015726
03/06/2017;11:00:00;65.9006015760821
03/06/2017;12:00:00;64.4129643327219
03/06/2017;13:00:00;65.396059304445
03/06/2017;14:00:00;66.5419903080374
03/06/2017;15:00:00;66.6522725395192
03/06/2017;16:00:00;66.7472380984524
03/06/2017;17:00:00;66.4432860301195
03/06/2017;18:00:00;66.8944826867525
03/06/2017;19:00:00;66.5969243277678
03/06/2017;20:00:00;66.5463765804117
03/06/2017;21:00:00;66.3431792494578
03/06/2017;22:00:00;66.5243385645306
03/06/2017;23:00:00;66.5755064994654
03/07/2017;00:00:00;66.536910206675
03/07/2017;01:00:00;66.4790908652861
03/07/2017;02:00:00;66.387772827905
03/07/2017;03:00:00;66.3915666912368
03/07/2017;04:00:00;66.3976093380307
03/07/2017;05:00:00;66.7847333188587
03/07/2017;06:00:00;66.8773604460719
03/07/2017;07:00:00;66.8756553074285
03/07/2017;08:00:00;67.0510552980117
03/07/2017;09:00:00;67.0361932106714
03/07/2017;10:00:00;67.0644535521845
03/07/2017;11:00:00;66.6984136762726
03/07/2017;12:00:00;66.9957536369226
03/07/2017;13:00:00;67.2446369443635
03/07/2017;14:00:00;67.2008857327467
03/07/2017;15:00:00;67.1904359589338
03/07/2017;16:00:00;66.9561596892885
03/07/2017;17:00:00;67.2297197785772
03/07/2017;18:00:00;66.9531338238198
03/07/2017;19:00:00;66.9608490425794
03/07/2017;20:00:00;67.1979088312089
03/07/2017;21:00:00;66.7645997555814
03/07/2017;22:00:00;67.0490119639944
03/07/2017;23:00:00;66.7735647738954
03/08/2017;00:00:00;66.6863894710799
03/08/2017;01:00:00;66.6050425847279
03/08/2017;02:00:00;66.3949614823962
03/08/2017;03:00:00;66.1465002574039
03/08/2017;04:00:00;66.0034013908875
03/08/2017;05:00:00;66.0041619950266
03/08/2017;06:00:00;65.7919979304606
03/08/2017;07:00:00;65.7480359267172
03/08/2017;08:00:00;65.7202373732132
03/08/2017;09:00:00;65.7170511538518
03/08/2017;10:00:00;65.9387137815866
03/08/2017;11:00:00;65.5191098648148
03/08/2017;12:00:00;66.3366156504816
03/08/2017;13:00:00;66.3475879106331
03/08/2017;14:00:00;66.0734691179016
03/08/2017;15:00:00;66.2289337775571
03/08/2017;16:00:00;66.1262946116954
03/08/2017;17:00:00;66.6268918383011
03/08/2017;18:00:00;66.4483372496492
03/08/2017;19:00:00;66.5762430639401
03/08/2017;20:00:00;66.3626713771337
03/08/2017;21:00:00;66.6758358622601
03/08/2017;22:00:00;66.2769588377539
03/08/2017;23:00:00;66.3869039633687
03/09/2017;00:00:00;68.6021489125211
03/09/2017;01:00:00;67.7311111948233
03/09/2017;02:00:00;66.519654332116
03/09/2017;03:00:00;65.8570386160162
03/09/2017;04:00:00;65.7890327083981
03/09/2017;05:00:00;65.647459918877
03/09/2017;06:00:00;65.8562571103249
03/09/2017;07:00:00;66.2707564246191
03/09/2017;08:00:00;65.9041426524907
03/09/2017;09:00:00;66.0061636012433
03/09/2017;10:00:00;65.2292301346393
03/09/2017;11:00:00;65.5573103338308
03/09/2017;12:00:00;65.6565121958372
03/09/2017;13:00:00;65.5102792112178
03/09/2017;14:00:00;65.2094395327862
03/09/2017;15:00:00;64.9148916672146
03/09/2017;16:00:00;64.6785779884512
03/09/2017;17:00:00;64.6810463551957
03/09/2017;18:00:00;64.5803191222087
03/09/2017;19:00:00;64.580906706306
03/09/2017;20:00:00;64.474858159375
03/09/2017;21:00:00;64.1802072801578
03/09/2017;22:00:00;64.4356908021243
03/09/2017;23:00:00;64.1344156559284
03/10/2017;00:00:00;64.3789566862873
03/10/2017;01:00:00;64.4399892534822
03/10/2017;02:00:00;64.2665943724406
03/10/2017;03:00:00;64.3014120976691
03/10/2017;04:00:00;64.3137351786122
03/10/2017;05:00:00;64.4563693155267
03/10/2017;06:00:00;64.4708831981252
03/10/2017;07:00:00;64.4875827475689
03/10/2017;08:00:00;64.5198801207595
03/10/2017;09:00:00;64.3099509507234
03/10/2017;10:00:00;64.2562958148321
03/10/2017;11:00:00;65.2602181913275
03/10/2017;12:00:00;67.7628563982489
03/10/2017;13:00:00;68.1910030595459
03/10/2017;14:00:00;68.2105875456691
03/10/2017;15:00:00;68.0635832303522
03/10/2017;16:00:00;68.1458339997452
03/10/2017;17:00:00;67.8550576323864
03/10/2017;18:00:00;67.4688850913713
03/10/2017;19:00:00;67.4879727712069
03/10/2017;20:00:00;67.2473234746475
03/10/2017;21:00:00;66.8716329677706
03/10/2017;22:00:00;66.7573217494823
03/10/2017;23:00:00;66.3461159200742
03/11/2017;00:00:00;66.370297449672
03/11/2017;01:00:00;66.5535052725005
03/11/2017;02:00:00;66.6405117451487
03/11/2017;03:00:00;66.2340049041901
03/11/2017;04:00:00;66.1782997022058
03/11/2017;05:00:00;65.9727569458962
03/11/2017;06:00:00;65.8504070999284
03/11/2017;07:00:00;66.0450570325049
03/11/2017;08:00:00;65.6219403790004
03/11/2017;09:00:00;65.8619609529332
03/11/2017;10:00:00;65.8686203869259
03/11/2017;11:00:00;65.8724729215312
03/11/2017;12:00:00;65.9550149202866
03/11/2017;13:00:00;65.7349835667766
03/11/2017;14:00:00;65.4375019831052
03/11/2017;15:00:00;65.4990691831773
03/11/2017;16:00:00;65.6663275656494
03/11/2017;17:00:00;65.6277593830637
03/11/2017;18:00:00;65.806600488011
03/11/2017;19:00:00;65.7029990920813
03/11/2017;20:00:00;65.749425484354
03/11/2017;21:00:00;65.5553160225823
03/11/2017;22:00:00;65.6399349790639
03/11/2017;23:00:00;65.5361934674415
03/12/2017;00:00:00;65.7328763359148
03/12/2017;01:00:00;65.687489650196
03/12/2017;02:00:00;65.424870282787
03/12/2017;03:00:00;65.1516829828382
03/12/2017;04:00:00;65.278985801023
03/12/2017;05:00:00;65.1955907399525
03/12/2017;06:00:00;65.6710498544597
03/12/2017;07:00:00;64.6972605259941
03/12/2017;08:00:00;65.4061140694799
03/12/2017;09:00:00;65.2321243370928
03/12/2017;10:00:00;65.1790134293164
03/12/2017;11:00:00;65.2413254308112
03/12/2017;12:00:00;65.4506972406306
03/12/2017;13:00:00;64.9957780983134
03/12/2017;14:00:00;64.9706790444606
03/12/2017;15:00:00;65.3860351374942
03/12/2017;16:00:00;65.2557657916129
03/12/2017;17:00:00;65.0956932654628
03/12/2017;18:00:00;65.1027116750311
03/12/2017;19:00:00;65.0567124569781
03/12/2017;20:00:00;65.1486173510216
03/12/2017;21:00:00;64.9335226169422
03/12/2017;22:00:00;65.1105558236408
03/12/2017;23:00:00;65.0496700515212
03/13/2017;00:00:00;64.6965795927991
03/13/2017;01:00:00;64.7840698163282
03/13/2017;02:00:00;64.8498016935343
03/13/2017;03:00:00;64.9547565619831
03/13/2017;04:00:00;65.0343978768576
03/13/2017;05:00:00;64.9688397846524
03/13/2017;06:00:00;65.0851679346553
03/13/2017;07:00:00;64.6744288027159
03/13/2017;08:00:00;64.2677142032445
03/13/2017;09:00:00;64.9007100123417
03/13/2017;10:00:00;65.5249401194105
03/13/2017;11:00:00;65.5358090421389
03/13/2017;12:00:00;65.6754925581868
03/13/2017;13:00:00;65.7244186308998
03/13/2017;14:00:00;65.5527993808479
03/13/2017;15:00:00;65.6332725103579
03/13/2017;16:00:00;65.596794886168
03/13/2017;17:00:00;65.4265991149928
03/13/2017;18:00:00;65.3183052240193
03/13/2017;19:00:00;65.4291073667966
03/13/2017;20:00:00;64.9558363826514
03/13/2017;21:00:00;65.2012382979486
03/13/2017;22:00:00;65.1975167054433
03/13/2017;23:00:00;65.1494758922544
03/14/2017;00:00:00;65.0317099112491
03/14/2017;01:00:00;64.9426742127669
03/14/2017;02:00:00;65.667204403311
03/14/2017;03:00:00;65.7700562824504
03/14/2017;04:00:00;65.9471803714559
03/14/2017;05:00:00;65.9890735594059
03/14/2017;06:00:00;65.6935083984543
03/14/2017;07:00:00;65.6295019646472
03/14/2017;08:00:00;65.4847536863134
03/14/2017;09:00:00;65.6647342660761
03/14/2017;10:00:00;65.5951380629196
03/14/2017;11:00:00;65.1659924169308
03/14/2017;12:00:00;65.718650286285
03/14/2017;13:00:00;65.4060010344653
03/14/2017;14:00:00;65.5359759201225
03/14/2017;15:00:00;65.4528242115285
03/14/2017;16:00:00;65.2161641634434
03/14/2017;17:00:00;64.9596079795501
03/14/2017;18:00:00;65.068521814425
03/14/2017;19:00:00;65.1200577632217
03/14/2017;20:00:00;64.995295685696
03/14/2017;21:00:00;64.8022454898317
03/14/2017;22:00:00;64.7389947484157
03/14/2017;23:00:00;64.5843196714938
03/15/2017;00:00:00;64.7948704370637
03/15/2017;01:00:00;64.4782706565202
03/15/2017;02:00:00;64.4419047861083
03/15/2017;03:00:00;64.4119234317702
03/15/2017;04:00:00;64.4217787568238
03/15/2017;05:00:00;65.7609591345347
03/15/2017;06:00:00;66.1822437517306
03/15/2017;07:00:00;65.6829828152131
03/15/2017;08:00:00;65.7563146478395
03/15/2017;09:00:00;65.7784657914591
03/15/2017;10:00:00;65.9824926666789
03/15/2017;11:00:00;66.0577792985457
03/15/2017;12:00:00;65.8417420397959
03/15/2017;13:00:00;65.994782714474
03/15/2017;14:00:00;65.79193622763
03/15/2017;15:00:00;66.0023652217063
03/15/2017;16:00:00;65.9409796331604
03/15/2017;17:00:00;65.9418667962264
03/15/2017;18:00:00;66.1024445622868
03/15/2017;19:00:00;65.9140247454476
03/15/2017;20:00:00;66.0568316954036
03/15/2017;21:00:00;66.0539350935889
03/15/2017;22:00:00;65.9224699444505
03/15/2017;23:00:00;65.8096087882571
03/16/2017;00:00:00;65.6131785775042
03/16/2017;01:00:00;65.3039734157808
03/16/2017;02:00:00;64.9552889381547
03/16/2017;03:00:00;65.0248827690354
03/16/2017;04:00:00;65.2801892432637
03/16/2017;05:00:00;65.190646963436
03/16/2017;06:00:00;65.2653507284501
03/16/2017;07:00:00;65.3583790156708
03/16/2017;08:00:00;65.4675539711919
03/16/2017;09:00:00;65.4361935786339
03/16/2017;10:00:00;65.4688095987751
03/16/2017;11:00:00;65.6951768118633
03/16/2017;12:00:00;65.5555462782185
03/16/2017;13:00:00;65.6378782395721
03/16/2017;14:00:00;65.8430163748877
03/16/2017;15:00:00;65.6087793029474
03/16/2017;16:00:00;65.695636168101
03/16/2017;17:00:00;65.8148806792696
03/16/2017;18:00:00;65.7909455563676
03/16/2017;19:00:00;65.8848994875584
03/16/2017;20:00:00;65.8786035908892
03/16/2017;21:00:00;65.8448111856198
03/16/2017;22:00:00;65.8638166198085
03/16/2017;23:00:00;65.867671545554
03/17/2017;00:00:00;65.7364882345352
03/17/2017;01:00:00;65.6883901369136
03/17/2017;02:00:00;65.51979459214
03/17/2017;03:00:00;65.6553454587953
03/17/2017;04:00:00;66.4960343453712
03/17/2017;05:00:00;65.8742675166303
03/17/2017;06:00:00;66.0584244602518
03/17/2017;07:00:00;66.0566897446978
03/17/2017;08:00:00;66.1449640502741
03/17/2017;09:00:00;65.7664919666972
03/17/2017;10:00:00;65.6181874173428
03/17/2017;11:00:00;65.7368480433273
03/17/2017;12:00:00;66.2482890977169
03/17/2017;13:00:00;66.2818650810128
03/17/2017;14:00:00;66.0599584439455
03/17/2017;15:00:00;66.2844581180695
03/17/2017;16:00:00;65.7156247838117
03/17/2017;17:00:00;66.0585127899367
03/17/2017;18:00:00;66.0262621626229
03/17/2017;19:00:00;66.0532413672583
03/17/2017;20:00:00;66.080632561949
03/17/2017;21:00:00;65.9255686412307
03/17/2017;22:00:00;66.0947977473172
03/17/2017;23:00:00;66.1216499174462
03/18/2017;00:00:00;66.1740401741747
03/18/2017;01:00:00;65.6223936693731
03/18/2017;02:00:00;65.7998467882008
03/18/2017;03:00:00;65.7953580705752
03/18/2017;04:00:00;65.5490655851415
03/18/2017;05:00:00;65.634008807686
03/18/2017;06:00:00;65.5137236333438
03/18/2017;07:00:00;65.4562507300581
03/18/2017;08:00:00;65.5936605121696
03/18/2017;09:00:00;65.6707709222352
03/18/2017;10:00:00;65.5691740907253
03/18/2017;11:00:00;65.6595804138911
03/18/2017;12:00:00;65.1339175798533
03/18/2017;13:00:00;64.8266065663395
03/18/2017;14:00:00;64.6074844174859
03/18/2017;15:00:00;64.6530616403406
03/18/2017;16:00:00;64.5110274274841
03/18/2017;17:00:00;64.6486213511261
03/18/2017;18:00:00;64.0912512522389
03/18/2017;19:00:00;64.4873733778869
03/18/2017;20:00:00;64.3317464489181
03/18/2017;21:00:00;64.2387130517179
03/18/2017;22:00:00;64.2027183922385
03/18/2017;23:00:00;64.1654608608595
03/19/2017;00:00:00;64.0833791731329
03/19/2017;01:00:00;64.0905057794284
03/19/2017;02:00:00;63.9889618951362
03/19/2017;03:00:00;64.1054775402584
03/19/2017;04:00:00;63.8406481991331
03/19/2017;05:00:00;63.9838387704394
03/19/2017;06:00:00;63.8651366423757
03/19/2017;07:00:00;63.8262744790285
03/19/2017;08:00:00;63.7208482384574
03/19/2017;09:00:00;63.8231047255738
03/19/2017;10:00:00;63.9663211798043
03/19/2017;11:00:00;63.9801852604713
03/19/2017;12:00:00;64.0658098867421
03/19/2017;13:00:00;64.0278744355408
03/19/2017;14:00:00;64.117608622356
03/19/2017;15:00:00;64.2829069866141
03/19/2017;16:00:00;64.5063985802429
03/19/2017;17:00:00;66.2206441434976
03/19/2017;18:00:00;66.4378746374161
03/19/2017;19:00:00;66.1824118106985
03/19/2017;20:00:00;66.1917459427304
03/19/2017;21:00:00;66.0510816509805
03/19/2017;22:00:00;65.9796538787585
03/19/2017;23:00:00;66.2220538239224
03/20/2017;00:00:00;66.0904134556352
03/20/2017;01:00:00;66.2488547149867
03/20/2017;02:00:00;66.0336195979819
03/20/2017;03:00:00;65.9148502825439
03/20/2017;04:00:00;65.740671781815
03/20/2017;05:00:00;65.7886165143069
03/20/2017;06:00:00;65.8837477474036
03/20/2017;07:00:00;65.8534509001581
03/20/2017;08:00:00;65.8504790281518
03/20/2017;09:00:00;65.7356770180774
03/20/2017;10:00:00;65.5793709666832
03/20/2017;11:00:00;65.6752427399767
03/20/2017;12:00:00;66.0897070550763
03/20/2017;13:00:00;65.7399598084779
03/20/2017;14:00:00;65.3539825241432
03/20/2017;15:00:00;65.6107777816303
03/20/2017;16:00:00;65.8172814979424
03/20/2017;17:00:00;65.0993217315771
03/20/2017;18:00:00;65.572632358518
03/20/2017;19:00:00;68.6953304999356
03/20/2017;20:00:00;68.5593986860378
03/20/2017;21:00:00;67.2879444569879
03/20/2017;22:00:00;66.683535545872
03/20/2017;23:00:00;66.529305883745
03/21/2017;00:00:00;66.1421895111845
03/21/2017;01:00:00;66.1004078053269
03/21/2017;02:00:00;66.2259205534913
03/21/2017;03:00:00;66.7668731893905
03/21/2017;04:00:00;66.6622423701758
03/21/2017;05:00:00;67.0144859070659
03/21/2017;06:00:00;66.5167127400814
03/21/2017;07:00:00;66.5096962647061
03/21/2017;08:00:00;66.3592118490416
03/21/2017;09:00:00;66.6380209791015
03/21/2017;10:00:00;66.4722674370111
03/21/2017;11:00:00;66.5554564520501
03/21/2017;12:00:00;66.3581934176011
03/21/2017;13:00:00;66.4652392125286
03/21/2017;14:00:00;66.3816460210734
03/21/2017;15:00:00;66.1805290880131
03/21/2017;16:00:00;66.5063659899371
03/21/2017;17:00:00;66.4209325070884
03/21/2017;18:00:00;66.2975098058449
03/21/2017;19:00:00;66.4942638246991
03/21/2017;20:00:00;66.7315772803807
03/21/2017;21:00:00;66.2315378016907
03/21/2017;22:00:00;66.2803647868575
03/21/2017;23:00:00;66.3869393842433
03/22/2017;00:00:00;66.5474528223701
03/22/2017;01:00:00;66.5990878845398
03/22/2017;02:00:00;66.690240795616
03/22/2017;03:00:00;66.9847324426664
03/22/2017;04:00:00;66.9912153298913
03/22/2017;05:00:00;67.0693181065213
03/22/2017;06:00:00;66.867628594123
03/22/2017;07:00:00;66.845380287076
03/22/2017;08:00:00;66.5859805572161
03/22/2017;09:00:00;67.0322767430342
03/22/2017;10:00:00;67.0090610827678
03/22/2017;11:00:00;67.0297715643223
03/22/2017;12:00:00;67.0539625536628
03/22/2017;13:00:00;66.6762571368799
03/22/2017;14:00:00;68.5968517515359
03/22/2017;15:00:00;68.4343160058985
03/22/2017;16:00:00;68.3300990392818
03/22/2017;17:00:00;68.1617843712822
03/22/2017;18:00:00;68.0398709016774
03/22/2017;19:00:00;68.036124925235
03/22/2017;20:00:00;67.7592612181714
03/22/2017;21:00:00;67.3389099855982
03/22/2017;22:00:00;67.4592905963676
03/22/2017;23:00:00;67.4920727510466
03/23/2017;00:00:00;67.428736959781
03/23/2017;01:00:00;67.3921816530435
03/23/2017;02:00:00;67.4224641463332
03/23/2017;03:00:00;67.347752159435
03/23/2017;04:00:00;67.6012076155189
03/23/2017;05:00:00;67.8437353218927
03/23/2017;06:00:00;67.7136261647973
03/23/2017;07:00:00;65.6271130810159
03/23/2017;08:00:00;67.6504998311381
03/23/2017;09:00:00;67.5239626878745
03/23/2017;10:00:00;67.6071772550333
03/23/2017;11:00:00;67.4869550042271
03/23/2017;12:00:00;67.6885717771593
03/23/2017;13:00:00;67.3842430090649
03/23/2017;14:00:00;67.7687106354813
03/23/2017;15:00:00;67.5835018116033
03/23/2017;16:00:00;68.1042504489676
03/23/2017;17:00:00;67.4959479161352
03/23/2017;18:00:00;67.5564781454305
03/23/2017;19:00:00;67.4166133941397
03/23/2017;20:00:00;67.2763818539994
03/23/2017;21:00:00;67.2057670754619
03/23/2017;22:00:00;67.0785941147173
03/23/2017;23:00:00;67.2219001871563
03/24/2017;00:00:00;67.2592293491636
03/24/2017;01:00:00;67.27478975088
03/24/2017;02:00:00;67.3847607333624
03/24/2017;03:00:00;67.7028121864387
03/24/2017;04:00:00;67.6559353446592
03/24/2017;05:00:00;67.6316881119027
03/24/2017;06:00:00;67.6305613691515
03/24/2017;07:00:00;67.5633467259557
03/24/2017;08:00:00;67.5920435968565
03/24/2017;09:00:00;67.2658742561294
03/24/2017;10:00:00;66.8367030314136
03/24/2017;11:00:00;66.1915340379594
03/24/2017;12:00:00;65.6142202006936
03/24/2017;13:00:00;64.6912326557881
03/24/2017;14:00:00;62.7000339492017
03/24/2017;15:00:00;61.5593812566653
03/24/2017;16:00:00;62.7636662847135
03/24/2017;17:00:00;65.5314821152419
03/24/2017;18:00:00;67.1927429540515
03/24/2017;19:00:00;67.4825674855409
03/24/2017;20:00:00;68.5089020012255
03/24/2017;21:00:00;70.2474226029816
03/24/2017;22:00:00;70.6059355748865
03/24/2017;23:00:00;70.7425449713425
03/25/2017;00:00:00;70.9238753143412
03/25/2017;01:00:00;71.0587413460913
03/25/2017;02:00:00;73.1013792747206
03/25/2017;03:00:00;74.1627767726653
03/25/2017;04:00:00;74.6203935354146
03/25/2017;05:00:00;74.8139712261202
03/25/2017;06:00:00;75.1623177648637
03/25/2017;07:00:00;74.490062689136
03/25/2017;08:00:00;74.8027568132977
03/25/2017;09:00:00;74.602008650102
03/25/2017;10:00:00;74.7971221583588
03/25/2017;11:00:00;74.3239008081664
03/25/2017;12:00:00;75.2742760802862
03/25/2017;13:00:00;74.9153113940175
03/25/2017;14:00:00;74.9688715360367
03/25/2017;15:00:00;75.0954091022449
03/25/2017;16:00:00;74.5416120415924
03/25/2017;17:00:00;74.5804517814655
03/25/2017;18:00:00;74.3881646510014
03/25/2017;19:00:00;74.0051548303708
03/25/2017;20:00:00;73.9587888049445
03/25/2017;21:00:00;73.5636354516931
03/25/2017;22:00:00;73.405403764327
03/25/2017;23:00:00;73.2139636930784
03/26/2017;00:00:00;73.4339346043908
03/26/2017;01:00:00;73.2199698106654
03/26/2017;02:00:00;72.943818331226
03/26/2017;03:00:00;72.7742237853753
03/26/2017;04:00:00;72.7440136556364
03/26/2017;05:00:00;72.4782945349301
03/26/2017;06:00:00;72.3063760050259
03/26/2017;07:00:00;71.5554592805441
03/26/2017;08:00:00;71.7793858939386
03/26/2017;09:00:00;71.3600493538459
03/26/2017;10:00:00;71.6125011977709
03/26/2017;11:00:00;71.7185467964325
03/26/2017;12:00:00;71.7491663296839
03/26/2017;13:00:00;71.6206649474863
03/26/2017;14:00:00;71.7349708167749
03/26/2017;15:00:00;72.2693850963806
03/26/2017;16:00:00;73.9004786126249
03/26/2017;17:00:00;74.5194215047771
03/26/2017;18:00:00;74.6195880788003
03/26/2017;19:00:00;74.3383414392937
03/26/2017;20:00:00;74.4586751268107
03/26/2017;21:00:00;74.4913982270257
03/26/2017;22:00:00;74.5571395125364
03/26/2017;23:00:00;74.5871862047575
03/27/2017;00:00:00;74.223248808466
03/27/2017;01:00:00;74.392614861543
03/27/2017;02:00:00;74.2430622891277
03/27/2017;03:00:00;74.1225755281955
03/27/2017;04:00:00;73.3589820300131
03/27/2017;05:00:00;72.3809714016441
03/27/2017;06:00:00;72.0140790937561
03/27/2017;07:00:00;72.4839929737914
03/27/2017;08:00:00;72.2363996979094
03/27/2017;09:00:00;73.668928983456
03/27/2017;10:00:00;74.2917071799646
03/27/2017;11:00:00;74.656746013248
03/27/2017;12:00:00;74.5606470422159
03/27/2017;13:00:00;74.5981944399514
03/27/2017;14:00:00;74.7600610835408
03/27/2017;15:00:00;74.7825375835056
03/27/2017;16:00:00;74.7703719735854
03/27/2017;17:00:00;74.9907962760769
03/27/2017;18:00:00;75.0220668631928
03/27/2017;19:00:00;75.0004369323114
03/27/2017;20:00:00;74.5549511368368
03/27/2017;21:00:00;74.8423930629859
03/27/2017;22:00:00;75.0012424736965
03/27/2017;23:00:00;75.0175994659498
03/28/2017;00:00:00;74.9015645131428
03/28/2017;01:00:00;74.6354310443984
03/28/2017;02:00:00;74.5888211894243
03/28/2017;03:00:00;74.628552115044
03/28/2017;04:00:00;74.1511518468807
03/28/2017;05:00:00;74.9150338919084
03/28/2017;06:00:00;74.7485588560157
03/28/2017;07:00:00;74.3946596461086
03/28/2017;08:00:00;74.7762137836272
03/28/2017;09:00:00;74.5154087441783
03/28/2017;10:00:00;74.4745738482935
03/28/2017;11:00:00;76.3008366327841
03/28/2017;12:00:00;75.4071588009115
03/28/2017;13:00:00;75.9153635927316
03/28/2017;14:00:00;76.3948142986637
03/28/2017;15:00:00;75.9738553713985
03/28/2017;16:00:00;76.1607010854668
03/28/2017;17:00:00;76.3199189134632
03/28/2017;18:00:00;76.3539717048156
03/28/2017;19:00:00;76.5168662425532
03/28/2017;20:00:00;77.0387488305118
03/28/2017;21:00:00;76.7507887964212
03/28/2017;22:00:00;76.772028718059
03/28/2017;23:00:00;76.9711223606826
03/29/2017;00:00:00;76.6990130955235
03/29/2017;01:00:00;76.6183885080503
03/29/2017;02:00:00;76.4032543087833
03/29/2017;03:00:00;76.4842795962635
03/29/2017;04:00:00;76.3938953332192
03/29/2017;05:00:00;76.4927968424729
03/29/2017;06:00:00;76.4652870637405
03/29/2017;07:00:00;76.3389974289189
03/29/2017;08:00:00;76.1830373506737
03/29/2017;09:00:00;76.0907536300494
03/29/2017;10:00:00;76.2304304108532
03/29/2017;11:00:00;76.365022622526
03/29/2017;12:00:00;76.5264754551776
03/29/2017;13:00:00;76.3927767785798
03/29/2017;14:00:00;75.7991765457626
03/29/2017;15:00:00;76.1929133056613
03/29/2017;16:00:00;76.3443774089612
03/29/2017;17:00:00;76.0716400459098
03/29/2017;18:00:00;76.508896611065
03/29/2017;19:00:00;76.4852624948427
03/29/2017;20:00:00;76.1739487966484
03/29/2017;21:00:00;76.1511023531359
03/29/2017;22:00:00;75.9795148219576
03/29/2017;23:00:00;76.002567448052
03/30/2017;00:00:00;75.0744593996279
03/30/2017;01:00:00;74.8130379432176
03/30/2017;02:00:00;74.6520737132226
03/30/2017;03:00:00;74.4747098673694
03/30/2017;04:00:00;74.7584254618919
03/30/2017;05:00:00;74.2563455487041
03/30/2017;06:00:00;73.6619995732369
03/30/2017;07:00:00;73.6006656484076
03/30/2017;08:00:00;74.2460995201443
03/30/2017;09:00:00;74.0146557028973
03/30/2017;10:00:00;74.1716109975639
03/30/2017;11:00:00;73.7890882389047
03/30/2017;12:00:00;74.0529603964106
03/30/2017;13:00:00;73.7594209219545
03/30/2017;14:00:00;73.1768483632853
03/30/2017;15:00:00;72.9732238021626
03/30/2017;16:00:00;73.3334391914092
03/30/2017;17:00:00;73.2919907331456
03/30/2017;18:00:00;73.3479141080067
03/30/2017;19:00:00;73.0939189512026
03/30/2017;20:00:00;73.0110462324922
03/30/2017;21:00:00;72.964433470436
03/30/2017;22:00:00;73.1853810686816
03/30/2017;23:00:00;73.1395187919967
03/31/2017;00:00:00;73.2930283371057
03/31/2017;01:00:00;72.9985784035613
03/31/2017;02:00:00;73.3292968094019
03/31/2017;03:00:00;73.3377772583039
03/31/2017;04:00:00;73.3449857168729
03/31/2017;05:00:00;73.6691946595806
03/31/2017;06:00:00;73.6274126848697
03/31/2017;07:00:00;73.4544486741577
03/31/2017;08:00:00;73.5597918521918
03/31/2017;09:00:00;73.6035591845031
03/31/2017;10:00:00;73.3691401379935
03/31/2017;11:00:00;73.4870855506429
03/31/2017;12:00:00;73.9305412065013
03/31/2017;13:00:00;73.9706597661054
03/31/2017;14:00:00;73.4312542383927
03/31/2017;15:00:00;73.8587149716918
03/31/2017;16:00:00;74.0197174329384
03/31/2017;17:00:00;72.6981288955107
03/31/2017;18:00:00;70.1996978488426
03/31/2017;19:00:00;68.5381788704939
03/31/2017;20:00:00;68.591883232973
03/31/2017;21:00:00;68.5437567069499
03/31/2017;22:00:00;68.3567789905916
03/31/2017;23:00:00;68.413857327065
04/01/2017;00:00:00;68.2813631067267
04/01/2017;01:00:00;68.2416870944248
04/01/2017;02:00:00;68.484698991871
04/01/2017;03:00:00;68.3060070611325
04/01/2017;04:00:00;68.0196568228773
04/01/2017;05:00:00;68.0852556382614
04/01/2017;06:00:00;68.1527518011789
04/01/2017;07:00:00;68.1522098627144
04/01/2017;08:00:00;67.8120121420118
04/01/2017;09:00:00;68.0476248166481
04/01/2017;10:00:00;68.122310892061
04/01/2017;11:00:00;68.1504022871106
04/01/2017;12:00:00;67.9270464409478
04/01/2017;13:00:00;67.7987085617131
04/01/2017;14:00:00;68.000902474035
04/01/2017;15:00:00;67.8875396306708
04/01/2017;16:00:00;67.9439755958754
04/01/2017;17:00:00;67.681336878758
04/01/2017;18:00:00;67.7088188100626
04/01/2017;19:00:00;67.9217379965016
04/01/2017;20:00:00;68.4676515101401
04/01/2017;21:00:00;69.055601758769
04/01/2017;22:00:00;68.2315777314959
04/01/2017;23:00:00;66.911635518881
04/02/2017;00:00:00;65.6829986615925
04/02/2017;01:00:00;65.0817562497343
04/02/2017;02:00:00;64.8629323852958
04/02/2017;03:00:00;64.545110569056
04/02/2017;04:00:00;64.5953278784519
04/02/2017;05:00:00;64.3894871831639
04/02/2017;06:00:00;65.0576981726416
04/02/2017;07:00:00;64.1321338709061
04/02/2017;08:00:00;63.919423423332
04/02/2017;09:00:00;64.0053743464379
04/02/2017;10:00:00;63.818777633738
04/02/2017;11:00:00;63.8426965191751
04/02/2017;12:00:00;63.9153296879318
04/02/2017;13:00:00;63.8270080910704
04/02/2017;14:00:00;63.5848481451537
04/02/2017;15:00:00;63.8297014684734
04/02/2017;16:00:00;63.6778773420047
04/02/2017;17:00:00;63.363345192383
04/02/2017;18:00:00;63.093833766633
04/02/2017;19:00:00;63.1409831746997
04/02/2017;20:00:00;62.8907184057824
04/02/2017;21:00:00;62.8882957346545
04/02/2017;22:00:00;62.9005581675903
04/02/2017;23:00:00;62.9071268613055
04/03/2017;00:00:00;62.7940782333972
04/03/2017;01:00:00;62.7543227985862
04/03/2017;02:00:00;62.7820613073552
04/03/2017;03:00:00;62.7303920477211
04/03/2017;04:00:00;62.9174252377123
04/03/2017;05:00:00;62.5918165244842
04/03/2017;06:00:00;62.5844828288806
04/03/2017;07:00:00;62.7685233086919
04/03/2017;08:00:00;62.6560044500812
04/03/2017;09:00:00;62.6013652869053
04/03/2017;10:00:00;62.4805695416591
04/03/2017;11:00:00;62.5811255070253
04/03/2017;12:00:00;62.6045074945672
04/03/2017;13:00:00;62.6731143428526
04/03/2017;14:00:00;62.4722365945148
04/03/2017;15:00:00;62.5039746558532
04/03/2017;16:00:00;62.4849071856598
04/03/2017;17:00:00;62.4220476796536
04/03/2017;18:00:00;62.529680357943
04/03/2017;19:00:00;62.3200862277688
04/03/2017;20:00:00;62.4305172411795
04/03/2017;21:00:00;62.5499558047637
04/03/2017;22:00:00;62.5788815151347
04/03/2017;23:00:00;62.9279647145722
04/04/2017;00:00:00;62.5638459916337
04/04/2017;01:00:00;62.3731859697827
04/04/2017;02:00:00;62.5822063823757
04/04/2017;03:00:00;62.7646378660525
04/04/2017;04:00:00;62.4730533447677
04/04/2017;05:00:00;62.4824789057926
04/04/2017;06:00:00;62.2702155217646
04/04/2017;07:00:00;62.4375540046306
04/04/2017;08:00:00;62.4142297231066
04/04/2017;09:00:00;62.3134496167587
04/04/2017;10:00:00;62.2666639190264
04/04/2017;11:00:00;62.1870465744399
04/04/2017;12:00:00;62.1854346487422
04/04/2017;13:00:00;62.302770820698
04/04/2017;14:00:00;62.0177861195945
04/04/2017;15:00:00;62.2135332362123
04/04/2017;16:00:00;62.0747169821929
04/04/2017;17:00:00;62.2003026111462
04/04/2017;18:00:00;62.4067113002042
04/04/2017;19:00:00;62.3316688469973
04/04/2017;20:00:00;62.0571794234902
04/04/2017;21:00:00;62.2566398705022
04/04/2017;22:00:00;62.3103573547522
04/04/2017;23:00:00;62.3058921058103
04/05/2017;00:00:00;62.3796701426017
04/05/2017;01:00:00;62.1255136847301
04/05/2017;02:00:00;62.3807261249649
04/05/2017;03:00:00;62.2210168640292
04/05/2017;04:00:00;62.2933329200619
04/05/2017;05:00:00;62.0233399996841
04/05/2017;06:00:00;62.1996230144936
04/05/2017;07:00:00;61.9762758469402
04/05/2017;08:00:00;62.0726555952831
04/05/2017;09:00:00;61.9134965866862
04/05/2017;10:00:00;61.9369343199889
04/05/2017;11:00:00;61.9104382353041
04/05/2017;12:00:00;61.8308845083862
04/05/2017;13:00:00;61.8669108423552
04/05/2017;14:00:00;61.4097616505861
04/05/2017;15:00:00;62.2891588289249
04/05/2017;16:00:00;61.2953541108596
04/05/2017;17:00:00;61.7826578438379
04/05/2017;18:00:00;61.7090202194497
04/05/2017;19:00:00;61.6403960694067
04/05/2017;20:00:00;61.8647485533683
04/05/2017;21:00:00;61.6123561099146
04/05/2017;22:00:00;61.7281630710779
04/05/2017;23:00:00;61.4818635636992
04/06/2017;00:00:00;61.722556832212
04/06/2017;01:00:00;61.5275078330097
04/06/2017;02:00:00;61.5276111337359
04/06/2017;03:00:00;61.7438898195318
04/06/2017;04:00:00;61.0667516826724
04/06/2017;05:00:00;61.0112136803689
04/06/2017;06:00:00;60.5025961224106
04/06/2017;07:00:00;60.6178459235933
04/06/2017;08:00:00;60.838483790193
04/06/2017;09:00:00;60.9804493812531
04/06/2017;10:00:00;61.0642115705074
04/06/2017;11:00:00;61.1364901748932
04/06/2017;12:00:00;61.2446529078083
04/06/2017;13:00:00;61.2796021458746
04/06/2017;14:00:00;61.2242409332202
04/06/2017;15:00:00;61.283965999139
04/06/2017;16:00:00;61.2474222811344
04/06/2017;17:00:00;61.3778648501815
04/06/2017;18:00:00;61.3910238558542
04/06/2017;19:00:00;61.2551560417516
04/06/2017;20:00:00;61.3732722642092
04/06/2017;21:00:00;61.3860688343178
04/06/2017;22:00:00;61.3091737397165
04/06/2017;23:00:00;61.3633188557565
04/07/2017;00:00:00;61.2523213449718
04/07/2017;01:00:00;61.2326779482447
04/07/2017;02:00:00;61.2084045079573
04/07/2017;03:00:00;61.1294517728213
04/07/2017;04:00:00;61.3494623091961
04/07/2017;05:00:00;61.2873054099187
04/07/2017;06:00:00;61.0970145759098
04/07/2017;07:00:00;61.0730630498986
04/07/2017;08:00:00;61.1108857387665
04/07/2017;09:00:00;61.0494702568878
04/07/2017;10:00:00;60.8268903705084
04/07/2017;11:00:00;60.9007400330493
04/07/2017;12:00:00;61.0068671950962
04/07/2017;13:00:00;61.1286962823885
04/07/2017;14:00:00;61.0484676153544
04/07/2017;15:00:00;61.2342667908031
04/07/2017;16:00:00;61.132439980331
04/07/2017;17:00:00;61.2877351050849
04/07/2017;18:00:00;61.1774602999112
04/07/2017;19:00:00;61.1998539126121
04/07/2017;20:00:00;61.1785453665272
04/07/2017;21:00:00;61.1173097022008
04/07/2017;22:00:00;60.9029176246469
04/07/2017;23:00:00;61.1333298937265
04/08/2017;00:00:00;61.0116324108439
04/08/2017;01:00:00;61.1224094414607
04/08/2017;02:00:00;61.0797334381332
04/08/2017;03:00:00;61.0563030267377
04/08/2017;04:00:00;61.2221228992185
04/08/2017;05:00:00;61.2341944575428
04/08/2017;06:00:00;61.0270021965686
04/08/2017;07:00:00;61.0285064939094
04/08/2017;08:00:00;60.8031614507072
04/08/2017;09:00:00;60.8852667458092
04/08/2017;10:00:00;60.9852347387358
04/08/2017;11:00:00;60.8223607026881
04/08/2017;12:00:00;60.8349441579212
04/08/2017;13:00:00;60.917633282127
04/08/2017;14:00:00;61.1834959741061
04/08/2017;15:00:00;61.1164586206887
04/08/2017;16:00:00;61.1752743999112
04/08/2017;17:00:00;61.2025507847544
04/08/2017;18:00:00;61.2221482637001
04/08/2017;19:00:00;61.2990561186311
04/08/2017;20:00:00;61.3390908206492
04/08/2017;21:00:00;61.7868392304262
04/08/2017;22:00:00;61.6268064240628
04/08/2017;23:00:00;61.8171485114378
04/09/2017;00:00:00;61.6930810760528
04/09/2017;01:00:00;61.7044179655096
04/09/2017;02:00:00;61.9735780132468
04/09/2017;03:00:00;61.403439389843
04/09/2017;04:00:00;61.7029211809425
04/09/2017;05:00:00;61.7369871112662
04/09/2017;06:00:00;61.4684888192351
04/09/2017;07:00:00;61.6359810500721
04/09/2017;08:00:00;61.661993407371
04/09/2017;09:00:00;61.6150723029254
04/09/2017;10:00:00;61.4668137073398
04/09/2017;11:00:00;61.4616104937956
04/09/2017;12:00:00;61.533122413801
04/09/2017;13:00:00;61.3513203259748
04/09/2017;14:00:00;61.4920087994034
04/09/2017;15:00:00;61.2834972735581
04/09/2017;16:00:00;61.3664406472093
04/09/2017;17:00:00;61.5599997326611
04/09/2017;18:00:00;61.3447387130729
04/09/2017;19:00:00;61.2194398330111
04/09/2017;20:00:00;61.2176045225469
04/09/2017;21:00:00;61.166502493457
04/09/2017;22:00:00;61.1920393615468
04/09/2017;23:00:00;61.2233152340385
04/10/2017;00:00:00;61.238563599976
04/10/2017;01:00:00;61.1493721729816
04/10/2017;02:00:00;61.0103752518523
04/10/2017;03:00:00;61.3175543649793
04/10/2017;04:00:00;61.3273762670024
04/10/2017;05:00:00;61.2786031300629
04/10/2017;06:00:00;61.2186572347076
04/10/2017;07:00:00;61.0646673080979
04/10/2017;08:00:00;61.0008049605871
04/10/2017;09:00:00;61.0233163419254
04/10/2017;10:00:00;61.0393123168558
04/10/2017;11:00:00;61.2549525976685
04/10/2017;12:00:00;63.0304134279113
04/10/2017;13:00:00;63.1898565402759
04/10/2017;14:00:00;62.7702927466141
04/10/2017;15:00:00;62.3870138845035
04/10/2017;16:00:00;62.3757629487881
04/10/2017;17:00:00;62.1645086031746
04/10/2017;18:00:00;62.0083286524138
04/10/2017;19:00:00;62.1994533731279
04/10/2017;20:00:00;62.2829527991117
04/10/2017;21:00:00;62.2777415863576
04/10/2017;22:00:00;62.1222497536973
04/10/2017;23:00:00;62.1009177884579
04/11/2017;00:00:00;62.1928200311249
04/11/2017;01:00:00;62.0218699372499
04/11/2017;02:00:00;61.9736786518717
04/11/2017;03:00:00;62.194716227855
04/11/2017;04:00:00;62.2610559877216
04/11/2017;05:00:00;61.9919146744536
04/11/2017;06:00:00;61.8950497157402
04/11/2017;07:00:00;62.5353417864048
04/11/2017;08:00:00;63.4483534080556
04/11/2017;09:00:00;63.7800721127205
04/11/2017;10:00:00;63.6140572581738
04/11/2017;11:00:00;63.7692332525697
04/11/2017;12:00:00;63.6718989546661
04/11/2017;13:00:00;63.29194302227
04/11/2017;14:00:00;63.2882909367367
04/11/2017;15:00:00;62.8370404747443
04/11/2017;16:00:00;62.4912986214956
04/11/2017;17:00:00;62.3501911579849
04/11/2017;18:00:00;63.0210831506266
04/11/2017;19:00:00;63.2020936606668
04/11/2017;20:00:00;63.350618364579
04/11/2017;21:00:00;63.3438913120387
04/11/2017;22:00:00;63.478041298347
04/11/2017;23:00:00;63.5081106390634
04/12/2017;00:00:00;63.5158966458531
04/12/2017;01:00:00;63.4896409831779
04/12/2017;02:00:00;63.4670698445349
04/12/2017;03:00:00;63.4338805769177
04/12/2017;04:00:00;63.3587951129598
04/12/2017;05:00:00;63.4708475679281
04/12/2017;06:00:00;63.3297677384152
04/12/2017;07:00:00;63.673444781865
04/12/2017;08:00:00;63.5379866719468
04/12/2017;09:00:00;63.1109450755192
04/12/2017;10:00:00;63.5051161189656
04/12/2017;11:00:00;63.3837984994286
04/12/2017;12:00:00;63.3479147655161
04/12/2017;13:00:00;63.3535548414578
04/12/2017;14:00:00;65.3163324687093
04/12/2017;15:00:00;66.7165772504172
04/12/2017;16:00:00;65.8105415827582
04/12/2017;17:00:00;65.8119857092383
04/12/2017;18:00:00;65.7522927820154
04/12/2017;19:00:00;65.7868872502101
04/12/2017;20:00:00;65.5806454048087
04/12/2017;21:00:00;65.340794449625
04/12/2017;22:00:00;65.5111171582176
04/12/2017;23:00:00;65.5164744632698
04/13/2017;00:00:00;65.3754316787457
04/13/2017;01:00:00;65.4648895943549
04/13/2017;02:00:00;65.3422261259596
04/13/2017;03:00:00;65.33357017093
04/13/2017;04:00:00;65.4464163254384
04/13/2017;05:00:00;65.3693487923946
04/13/2017;06:00:00;65.3152309255986
04/13/2017;07:00:00;65.3680766663552
04/13/2017;08:00:00;65.352034748213
04/13/2017;09:00:00;65.5056161590337
04/13/2017;10:00:00;65.303458733617
04/13/2017;11:00:00;64.8716856484931
04/13/2017;12:00:00;64.5892062057303
04/13/2017;13:00:00;65.4609731504503
04/13/2017;14:00:00;64.9264021751747
04/13/2017;15:00:00;64.7782329046446
04/13/2017;16:00:00;64.6603524390136
04/13/2017;17:00:00;65.1297117505675
04/13/2017;18:00:00;65.7053772200554
04/13/2017;19:00:00;66.1067397769614
04/13/2017;20:00:00;65.9021114999424
04/13/2017;21:00:00;66.1185010507922
04/13/2017;22:00:00;66.0358694731841
04/13/2017;23:00:00;65.9903523731987
04/14/2017;00:00:00;65.9282220522753
04/14/2017;01:00:00;65.6937360735514
04/14/2017;02:00:00;65.5858468628493
04/14/2017;03:00:00;65.5476523860734
04/14/2017;04:00:00;65.6086938919312
04/14/2017;05:00:00;65.283582146459
04/14/2017;06:00:00;65.2720308195874
04/14/2017;07:00:00;64.9417199105253
04/14/2017;08:00:00;65.1696368129103
04/14/2017;09:00:00;65.3926078562655
04/14/2017;10:00:00;65.3666258087388
04/14/2017;11:00:00;65.1812373867976
04/14/2017;12:00:00;65.1682934118929
04/14/2017;13:00:00;65.4951748112881
04/14/2017;14:00:00;65.0656979317079
04/14/2017;15:00:00;65.0482708801575
04/14/2017;16:00:00;65.2062680163292
04/14/2017;17:00:00;65.1474360465444
04/14/2017;18:00:00;65.1060399684978
04/14/2017;19:00:00;65.3837402984063
04/14/2017;20:00:00;65.1491111099747
04/14/2017;21:00:00;65.5169631848993
04/14/2017;22:00:00;65.2332273915061
04/14/2017;23:00:00;65.2702903068756
04/15/2017;00:00:00;65.2559725167177
04/15/2017;01:00:00;65.1863064045137
04/15/2017;02:00:00;64.9515370168817
04/15/2017;03:00:00;65.2607541440184
04/15/2017;04:00:00;65.01558141897
04/15/2017;05:00:00;65.4249845163262
04/15/2017;06:00:00;66.5781063888901
04/15/2017;07:00:00;66.4667073820195
04/15/2017;08:00:00;65.4087603488289
04/15/2017;09:00:00;65.26306081192
04/15/2017;10:00:00;64.664158876101
04/15/2017;11:00:00;64.4350939498968
04/15/2017;12:00:00;64.246345732115
04/15/2017;13:00:00;64.1484925133554
04/15/2017;14:00:00;64.121153267004
04/15/2017;15:00:00;64.220472396895
04/15/2017;16:00:00;64.1972997325694
04/15/2017;17:00:00;64.8859290189587
04/15/2017;18:00:00;64.7318743666283
04/15/2017;19:00:00;64.8884010959248
04/15/2017;20:00:00;64.6620767973655
04/15/2017;21:00:00;64.4989387113705
04/15/2017;22:00:00;64.6641648435286
04/15/2017;23:00:00;64.7334455281799
04/16/2017;00:00:00;64.6264111454005
04/16/2017;01:00:00;64.5330314127972
04/16/2017;02:00:00;64.6345820174927
04/16/2017;03:00:00;64.5923787574464
04/16/2017;04:00:00;64.4893049693218
04/16/2017;05:00:00;64.4521554692807
04/16/2017;06:00:00;64.5255902542273
04/16/2017;07:00:00;64.5263582379479
04/16/2017;08:00:00;64.5729915118619
04/16/2017;09:00:00;64.5559616704794
04/16/2017;10:00:00;64.7270798090914
04/16/2017;11:00:00;64.6975440581968
04/16/2017;12:00:00;64.7555609482612
04/16/2017;13:00:00;64.6491193618205
04/16/2017;14:00:00;64.634484915491
04/16/2017;15:00:00;64.6488394011431
04/16/2017;16:00:00;64.6771587536969
04/16/2017;17:00:00;64.67616099363
04/16/2017;18:00:00;64.7591253757893
04/16/2017;19:00:00;64.7575714265619
04/16/2017;20:00:00;64.8089993759611
04/16/2017;21:00:00;64.7575380073512
04/16/2017;22:00:00;64.6743517228823
04/16/2017;23:00:00;64.7837668141738
04/17/2017;00:00:00;64.7180267221345
04/17/2017;01:00:00;64.9102665527506
04/17/2017;02:00:00;65.2063808635973
04/17/2017;03:00:00;64.9623944393417
04/17/2017;04:00:00;64.6557674704004
04/17/2017;05:00:00;64.7069045072345
04/17/2017;06:00:00;64.5386567295733
04/17/2017;07:00:00;64.5105751218979
04/17/2017;08:00:00;64.4579114472615
04/17/2017;09:00:00;64.508154819972
04/17/2017;10:00:00;64.3729788182613
04/17/2017;11:00:00;64.552575638342
04/17/2017;12:00:00;64.4731391204044
04/17/2017;13:00:00;64.5131674918859
04/17/2017;14:00:00;64.4920812694106
04/17/2017;15:00:00;64.5597418661169
04/17/2017;16:00:00;64.4761380316199
04/17/2017;17:00:00;64.4604218633379
04/17/2017;18:00:00;64.4224190301032
04/17/2017;19:00:00;64.5922870860325
04/17/2017;20:00:00;64.5578904881766
04/17/2017;21:00:00;64.5902725907441
04/17/2017;22:00:00;64.4911222226582
04/17/2017;23:00:00;64.5590954251609
04/18/2017;00:00:00;64.422065707583
04/18/2017;01:00:00;64.4661556457133
04/18/2017;02:00:00;64.4841638260953
04/18/2017;03:00:00;64.5492071165216
04/18/2017;04:00:00;64.3507534364354
04/18/2017;05:00:00;64.650481638071
04/18/2017;06:00:00;64.7429914114977
04/18/2017;07:00:00;64.5576878834973
04/18/2017;08:00:00;64.3962171938779
04/18/2017;09:00:00;64.5589931227003
04/18/2017;10:00:00;64.5325017723322
04/18/2017;11:00:00;64.8537361981767
04/18/2017;12:00:00;64.4577203736546
04/18/2017;13:00:00;64.3118386270137
04/18/2017;14:00:00;64.4753647239843
04/18/2017;15:00:00;64.5158063184898
04/18/2017;16:00:00;64.4797581509736
04/18/2017;17:00:00;64.5614032810617
04/18/2017;18:00:00;64.4825908262348
04/18/2017;19:00:00;64.4884832448663
04/18/2017;20:00:00;64.5856522012415
04/18/2017;21:00:00;64.6071922754873
04/18/2017;22:00:00;64.5762758881677
04/18/2017;23:00:00;64.6600834692524
04/19/2017;00:00:00;64.6022160898662
04/19/2017;01:00:00;64.6020079186987
04/19/2017;02:00:00;64.7283646110258
04/19/2017;03:00:00;64.588094026931
04/19/2017;04:00:00;64.5542849415336
04/19/2017;05:00:00;64.5387160478657
04/19/2017;06:00:00;64.6237397595179
04/19/2017;07:00:00;64.4362475318461
04/19/2017;08:00:00;64.3757633774651
04/19/2017;09:00:00;64.4892222013514
04/19/2017;10:00:00;64.5268838187207
04/19/2017;11:00:00;64.6623020586424
04/19/2017;12:00:00;65.0356078734577
04/19/2017;13:00:00;65.0035407026001
04/19/2017;14:00:00;65.0643130485362
04/19/2017;15:00:00;64.9963070303021
04/19/2017;16:00:00;65.0427643475038
04/19/2017;17:00:00;65.1656759497583
04/19/2017;18:00:00;65.6178241954452
04/19/2017;19:00:00;65.3296835905465
04/19/2017;20:00:00;65.3520709580307
04/19/2017;21:00:00;65.4852077876707
04/19/2017;22:00:00;65.407789885807
04/19/2017;23:00:00;59.4938151631956
04/20/2017;00:00:00;56.8675582337076
04/20/2017;01:00:00;57.2290876146622
04/20/2017;02:00:00;58.978043072586
04/20/2017;03:00:00;65.5071849387867
04/20/2017;04:00:00;34.8949609859491
04/20/2017;05:00:00;7.55644204515811
04/20/2017;06:00:00;0.17581614785255
04/20/2017;07:00:00;0.171717259039681
04/20/2017;08:00:00;0.167618370226813
04/20/2017;09:00:00;0.163519481413944
04/20/2017;10:00:00;0.159420592601076
04/20/2017;11:00:00;12.9451346723235
04/20/2017;12:00:00;43.8692763752545
04/20/2017;13:00:00;43.3536988844093
04/20/2017;14:00:00;43.3230137731486
04/20/2017;15:00:00;43.3481094566562
04/20/2017;16:00:00;48.0043756416514
04/20/2017;17:00:00;56.1171354668093
04/20/2017;18:00:00;59.9700323745884
04/20/2017;19:00:00;68.4231054755577
04/20/2017;20:00:00;69.0575497915597
04/20/2017;21:00:00;66.4733254958836
04/20/2017;22:00:00;66.8702670545244
04/20/2017;23:00:00;66.503089247345
04/21/2017;00:00:00;65.8129872595606
04/21/2017;01:00:00;72.9931073569003
04/21/2017;02:00:00;73.5936817867936
04/21/2017;03:00:00;72.7610892891336
04/21/2017;04:00:00;72.5063871886282
04/21/2017;05:00:00;71.9962257760334
04/21/2017;06:00:00;72.1692350543172
04/21/2017;07:00:00;61.450233834797
04/21/2017;08:00:00;61.5403676557052
04/21/2017;09:00:00;60.0919986398398
04/21/2017;10:00:00;62.5254125816225
04/21/2017;11:00:00;63.4038517920204
04/21/2017;12:00:00;63.7720077653183
04/21/2017;13:00:00;63.9303427673356
04/21/2017;14:00:00;63.9658429830977
04/21/2017;15:00:00;64.0823718557037
04/21/2017;16:00:00;64.1865592382115
04/21/2017;17:00:00;63.8134023743495
04/21/2017;18:00:00;63.9000542118953
04/21/2017;19:00:00;64.0789851463646
04/21/2017;20:00:00;63.7842528227854
04/21/2017;21:00:00;63.9283575015689
04/21/2017;22:00:00;64.0784282295536
04/21/2017;23:00:00;64.0306658523591
04/22/2017;00:00:00;63.9749614542289
04/22/2017;01:00:00;63.9941885187245
04/22/2017;02:00:00;63.9497543524539
04/22/2017;03:00:00;63.5963706180972
04/22/2017;04:00:00;63.8570260630612
04/22/2017;05:00:00;63.4991461914085
04/22/2017;06:00:00;63.3179600827161
04/22/2017;07:00:00;63.3051833630753
04/22/2017;08:00:00;63.4044539915725
04/22/2017;09:00:00;63.3410572844909
04/22/2017;10:00:00;63.4461224472879
04/22/2017;11:00:00;63.8806934338059
04/22/2017;12:00:00;63.6962756744852
04/22/2017;13:00:00;64.1718974670091
04/22/2017;14:00:00;64.1966327731482
04/22/2017;15:00:00;63.3899045244614
04/22/2017;16:00:00;64.3709655655096
04/22/2017;17:00:00;64.117290807744
04/22/2017;18:00:00;64.1886823973723
04/22/2017;19:00:00;63.7192408548037
04/22/2017;20:00:00;63.4729309875797
04/22/2017;21:00:00;64.0729808886134
04/22/2017;22:00:00;63.7991526150154
04/22/2017;23:00:00;64.2573314377447
04/23/2017;00:00:00;64.5174066549098
04/23/2017;01:00:00;63.5264681138215
04/23/2017;02:00:00;63.5161568359138
04/23/2017;03:00:00;63.5775425382421
04/23/2017;04:00:00;63.6469921943157
04/23/2017;05:00:00;63.3107706308729
04/23/2017;06:00:00;63.4191680911587
04/23/2017;07:00:00;63.4799986999949
04/23/2017;08:00:00;63.807334358128
04/23/2017;09:00:00;63.7247675261329
04/23/2017;10:00:00;64.1976870739698
04/23/2017;11:00:00;64.0736160949316
04/23/2017;12:00:00;63.6741696805473
04/23/2017;13:00:00;64.1891949674899
04/23/2017;14:00:00;64.2782046874533
04/23/2017;15:00:00;64.5304334299235
04/23/2017;16:00:00;63.1477132346346
04/23/2017;17:00:00;63.6726060400423
04/23/2017;18:00:00;63.0833116587916
04/23/2017;19:00:00;63.1520915954546
04/23/2017;20:00:00;63.2516035528889
04/23/2017;21:00:00;63.8815273928818
04/23/2017;22:00:00;63.7064117814321
04/23/2017;23:00:00;64.0915182336901
04/24/2017;00:00:00;63.7941094586228
04/24/2017;01:00:00;63.8209309302443
04/24/2017;02:00:00;63.4937118108303
04/24/2017;03:00:00;63.837369257399
04/24/2017;04:00:00;63.2323247087114
04/24/2017;05:00:00;63.0434042163591
04/24/2017;06:00:00;63.6192827654872
04/24/2017;07:00:00;63.2285572931132
04/24/2017;08:00:00;64.8549674992315
04/24/2017;09:00:00;65.7448134217636
04/24/2017;10:00:00;65.7724748566955
04/24/2017;11:00:00;66.2315198309841
04/24/2017;12:00:00;65.9864892778453
04/24/2017;13:00:00;66.3598068561187
04/24/2017;14:00:00;67.1663158293514
04/24/2017;15:00:00;67.5060498201638
04/24/2017;16:00:00;67.5886055407752
04/24/2017;17:00:00;67.293892882688
04/24/2017;18:00:00;67.1563005575784
04/24/2017;19:00:00;67.3750540029268
04/24/2017;20:00:00;67.6318412424882
04/24/2017;21:00:00;66.8458904868996
04/24/2017;22:00:00;66.6215739597303
04/24/2017;23:00:00;66.7343878147372
04/25/2017;00:00:00;66.6862758843945
04/25/2017;01:00:00;67.6518841836483
04/25/2017;02:00:00;67.6373384486974
04/25/2017;03:00:00;66.4033829362814
04/25/2017;04:00:00;66.8826212133929
04/25/2017;05:00:00;66.9659067535688
04/25/2017;06:00:00;65.6981227802709
04/25/2017;07:00:00;66.6498793646517
04/25/2017;08:00:00;66.8634235705827
04/25/2017;09:00:00;67.2337554469444
04/25/2017;10:00:00;67.2106926135447
04/25/2017;11:00:00;67.7050270079598
04/25/2017;12:00:00;67.611566708266
04/25/2017;13:00:00;67.6202122519577
04/25/2017;14:00:00;67.7283796795798
04/25/2017;15:00:00;68.0665413018075
04/25/2017;16:00:00;67.2384574548283
04/25/2017;17:00:00;70.5385948446284
04/25/2017;18:00:00;73.7782510177852
04/25/2017;19:00:00;75.4654399580798
04/25/2017;20:00:00;76.4219553834404
04/25/2017;21:00:00;75.6686502660811
04/25/2017;22:00:00;75.1868766588423
04/25/2017;23:00:00;76.6184056019516
04/26/2017;00:00:00;76.4477011428005
04/26/2017;01:00:00;75.522418085886
04/26/2017;02:00:00;75.7390840918005
04/26/2017;03:00:00;78.2513503369867
04/26/2017;04:00:00;75.645797217324
04/26/2017;05:00:00;75.7474380066034
04/26/2017;06:00:00;75.9470530793716
04/26/2017;07:00:00;76.1402970744958
04/26/2017;08:00:00;76.530569434291
04/26/2017;09:00:00;76.519147186175
04/26/2017;10:00:00;75.9368245212913
04/26/2017;11:00:00;75.9435117182424
04/26/2017;12:00:00;76.324883968435
04/26/2017;13:00:00;76.1739401838759
04/26/2017;14:00:00;75.862685901621
04/26/2017;15:00:00;75.8462743690228
04/26/2017;16:00:00;76.1377635877791
04/26/2017;17:00:00;76.1412118378987
04/26/2017;18:00:00;75.8369952313045
04/26/2017;19:00:00;76.5710345962606
04/26/2017;20:00:00;76.0948130431228
04/26/2017;21:00:00;76.1819949994974
04/26/2017;22:00:00;76.3153410380811
04/26/2017;23:00:00;76.3404886973371
04/27/2017;00:00:00;76.4381258360027
04/27/2017;01:00:00;76.7395485523207
04/27/2017;02:00:00;76.5266334243603
04/27/2017;03:00:00;76.8637817251044
04/27/2017;04:00:00;76.7899037177876
04/27/2017;05:00:00;76.9450386119709
04/27/2017;06:00:00;77.1562323591814
04/27/2017;07:00:00;76.4846102996428
04/27/2017;08:00:00;77.2410559162082
04/27/2017;09:00:00;77.3419259917518
04/27/2017;10:00:00;77.702522104553
04/27/2017;11:00:00;77.2091137060308
04/27/2017;12:00:00;76.838767480433
04/27/2017;13:00:00;77.3612935674681
04/27/2017;14:00:00;77.2519550663982
04/27/2017;15:00:00;76.3554153261733
04/27/2017;16:00:00;77.2224027749036
04/27/2017;17:00:00;77.4770333133244
04/27/2017;18:00:00;77.4571428303454
04/27/2017;19:00:00;77.6220371692174
04/27/2017;20:00:00;77.4837018728837
04/27/2017;21:00:00;77.6188352307003
04/27/2017;22:00:00;77.4196588846631
04/27/2017;23:00:00;77.2540097822608
04/28/2017;00:00:00;77.7542041796842
04/28/2017;01:00:00;77.180486912047
04/28/2017;02:00:00;77.462122378334
04/28/2017;03:00:00;77.3883930523152
04/28/2017;04:00:00;77.4962649649456
04/28/2017;05:00:00;77.526404430219
04/28/2017;06:00:00;77.6923976255586
04/28/2017;07:00:00;75.7676917151658
04/28/2017;08:00:00;77.2381143850659
04/28/2017;09:00:00;77.1115133105611
04/28/2017;10:00:00;76.9298017971393
04/28/2017;11:00:00;77.0753781305184
04/28/2017;12:00:00;77.0905300928923
04/28/2017;13:00:00;76.7662376529235
04/28/2017;14:00:00;76.9187711887561
04/28/2017;15:00:00;76.2828996104163
04/28/2017;16:00:00;76.8778184868862
04/28/2017;17:00:00;77.6572439151507
04/28/2017;18:00:00;78.7519307787915
04/28/2017;19:00:00;78.6168445476589
04/28/2017;20:00:00;78.7676083209446
04/28/2017;21:00:00;78.8424940265918
04/28/2017;22:00:00;78.6956493743773
04/28/2017;23:00:00;77.2836185404467
04/29/2017;00:00:00;77.4217312048834
04/29/2017;01:00:00;77.1441997563626
04/29/2017;02:00:00;77.2668593968159
04/29/2017;03:00:00;77.1637569721909
04/29/2017;04:00:00;77.2843654324005
04/29/2017;05:00:00;77.5763831143262
04/29/2017;06:00:00;77.3094140172041
04/29/2017;07:00:00;77.2207363434079
04/29/2017;08:00:00;77.0482348064002
04/29/2017;09:00:00;77.3656606764336
04/29/2017;10:00:00;77.3471821773521
04/29/2017;11:00:00;76.6357856737122
04/29/2017;12:00:00;77.05427675017
04/29/2017;13:00:00;77.1154440807487
04/29/2017;14:00:00;77.1704751687128
04/29/2017;15:00:00;77.413655179373
04/29/2017;16:00:00;77.4883456190452
04/29/2017;17:00:00;77.4136526298205
04/29/2017;18:00:00;76.4776150067261
04/29/2017;19:00:00;77.104686955801
04/29/2017;20:00:00;76.8835563631569
04/29/2017;21:00:00;77.1839391871233
04/29/2017;22:00:00;76.4061878035718
04/29/2017;23:00:00;76.7601910261146
04/30/2017;00:00:00;76.7892513604715
04/30/2017;01:00:00;76.4849956723484
04/30/2017;02:00:00;77.0646744802479
04/30/2017;03:00:00;76.5751960927616
04/30/2017;04:00:00;76.0596808603574
04/30/2017;05:00:00;76.2424718051159
04/30/2017;06:00:00;76.3784238248242
04/30/2017;07:00:00;76.2173562327144
04/30/2017;08:00:00;75.8988502450125
04/30/2017;09:00:00;75.9518180358312
04/30/2017;10:00:00;76.2501956898067
04/30/2017;11:00:00;76.1524202970091
04/30/2017;12:00:00;76.2886684523639
04/30/2017;13:00:00;76.709476968777
04/30/2017;14:00:00;76.3150901364764
04/30/2017;15:00:00;76.8561759957938
04/30/2017;16:00:00;76.8144840077155
04/30/2017;17:00:00;76.4905570895958
04/30/2017;18:00:00;76.3920839672303
04/30/2017;19:00:00;76.4163952002897
04/30/2017;20:00:00;76.1815259146503
04/30/2017;21:00:00;76.4257894977989
04/30/2017;22:00:00;76.3621944724809
04/30/2017;23:00:00;76.3004558056162
05/01/2017;00:00:00;76.4882093537651
05/01/2017;01:00:00;77.264080323889
05/01/2017;02:00:00;77.759635273508
05/01/2017;03:00:00;77.4316435435992
05/01/2017;04:00:00;77.6136820278147
05/01/2017;05:00:00;77.8526313901625
05/01/2017;06:00:00;77.3891913551675
05/01/2017;07:00:00;77.1731761981558
05/01/2017;08:00:00;77.4113670026246
05/01/2017;09:00:00;76.8067082468725
05/01/2017;10:00:00;76.3508495852753
05/01/2017;11:00:00;75.21055880008
05/01/2017;12:00:00;75.1948844402552
05/01/2017;13:00:00;75.1623764013555
05/01/2017;14:00:00;75.3570215634381
05/01/2017;15:00:00;74.8556603107412
05/01/2017;16:00:00;75.3603679366498
05/01/2017;17:00:00;75.4290829819204
05/01/2017;18:00:00;75.4260413075544
05/01/2017;19:00:00;75.2416597757283
05/01/2017;20:00:00;75.914403780379
05/01/2017;21:00:00;76.0488391723927
05/01/2017;22:00:00;75.5432824601181
05/01/2017;23:00:00;75.7048601024105
05/02/2017;00:00:00;75.7370912765956
05/02/2017;01:00:00;75.8619864356805
05/02/2017;02:00:00;75.4770039133615
05/02/2017;03:00:00;75.4744105505697
05/02/2017;04:00:00;75.3679059536013
05/02/2017;05:00:00;75.2960966319318
05/02/2017;06:00:00;75.34656282425
05/02/2017;07:00:00;74.4278030466967
05/02/2017;08:00:00;73.6058149404989
05/02/2017;09:00:00;74.589560653288
05/02/2017;10:00:00;75.2094051364712
05/02/2017;11:00:00;74.8132112959639
05/02/2017;12:00:00;75.1385735968966
05/02/2017;13:00:00;75.3047519923988
05/02/2017;14:00:00;75.0002757663451
05/02/2017;15:00:00;74.7977818444903
05/02/2017;16:00:00;74.5887452064329
05/02/2017;17:00:00;74.656851418337
05/02/2017;18:00:00;74.6520459733867
05/02/2017;19:00:00;74.7945402738759
05/02/2017;20:00:00;74.675694459123
05/02/2017;21:00:00;74.7671425101083
05/02/2017;22:00:00;74.7341299456498
05/02/2017;23:00:00;74.6603331403791
05/03/2017;00:00:00;74.6900425773139
05/03/2017;01:00:00;74.8745365582263
05/03/2017;02:00:00;74.641571072267
05/03/2017;03:00:00;74.9439124088817
05/03/2017;04:00:00;74.747959647954
05/03/2017;05:00:00;73.6294880640724
05/03/2017;06:00:00;75.3265379845904
05/03/2017;07:00:00;75.2615527995646
05/03/2017;08:00:00;75.5373210746134
05/03/2017;09:00:00;74.8946112088333
05/03/2017;10:00:00;75.394078513847
05/03/2017;11:00:00;76.4241846025675
05/03/2017;12:00:00;76.0643739794481
05/03/2017;13:00:00;76.1770140053254
05/03/2017;14:00:00;76.1022669396749
05/03/2017;15:00:00;76.2072348812714
05/03/2017;16:00:00;76.2401543369683
05/03/2017;17:00:00;76.2846707535174
05/03/2017;18:00:00;76.3002967782787
05/03/2017;19:00:00;76.3185696451007
05/03/2017;20:00:00;76.3597244779666
05/03/2017;21:00:00;76.3572961879591
05/03/2017;22:00:00;76.477934149407
05/03/2017;23:00:00;76.4514959639205
05/04/2017;00:00:00;76.5294108426355
05/04/2017;01:00:00;76.5384075394995
05/04/2017;02:00:00;76.4218690199919
05/04/2017;03:00:00;76.535956453025
05/04/2017;04:00:00;76.5060375676006
05/04/2017;05:00:00;76.4870954323587
05/04/2017;06:00:00;76.2999517631743
05/04/2017;07:00:00;76.4791716184961
05/04/2017;08:00:00;76.1996628617598
05/04/2017;09:00:00;76.7494693708262
05/04/2017;10:00:00;76.6890569979813
05/04/2017;11:00:00;76.7805199919289
05/04/2017;12:00:00;76.4948808036188
05/04/2017;13:00:00;76.4598727408403
05/04/2017;14:00:00;76.4644678354447
05/04/2017;15:00:00;76.3730749368742
05/04/2017;16:00:00;76.5196402104531
05/04/2017;17:00:00;76.5247098947057
05/04/2017;18:00:00;76.8191542488843
05/04/2017;19:00:00;76.6741161824818
05/04/2017;20:00:00;76.3027040021172
05/04/2017;21:00:00;76.3564275439742
05/04/2017;22:00:00;76.3192649326735
05/04/2017;23:00:00;76.4642749762952
05/05/2017;00:00:00;76.4305170044722
05/05/2017;01:00:00;76.2716256120832
05/05/2017;02:00:00;76.1303839535724
05/05/2017;03:00:00;76.4090460778742
05/05/2017;04:00:00;76.228612008947
05/05/2017;05:00:00;76.7204387166544
05/05/2017;06:00:00;76.6203392900728
05/05/2017;07:00:00;76.5458557974103
05/05/2017;08:00:00;76.9690460375174
05/05/2017;09:00:00;76.815317416619
05/05/2017;10:00:00;77.123611405676
05/05/2017;11:00:00;76.8029843581261
05/05/2017;12:00:00;77.2908841863778
05/05/2017;13:00:00;76.7123809685104
05/05/2017;14:00:00;76.9893325476802
05/05/2017;15:00:00;76.5962986639463
05/05/2017;16:00:00;77.0155678127127
05/05/2017;17:00:00;76.8662228391743
05/05/2017;18:00:00;76.5799533989103
05/05/2017;19:00:00;76.2804732505935
05/05/2017;20:00:00;75.639425739863
05/05/2017;21:00:00;76.3315001750063
05/05/2017;22:00:00;75.7823209032373
05/05/2017;23:00:00;75.6334504578056
05/06/2017;00:00:00;74.8823206139148
05/06/2017;01:00:00;74.825459983907
05/06/2017;02:00:00;75.0303723017996
05/06/2017;03:00:00;75.7719838161804
05/06/2017;04:00:00;77.4185792219832
05/06/2017;05:00:00;77.1722784089168
05/06/2017;06:00:00;77.4918931817313
05/06/2017;07:00:00;77.327997150088
05/06/2017;08:00:00;77.4352154771634
05/06/2017;09:00:00;77.3135367130819
05/06/2017;10:00:00;77.673809921191
05/06/2017;11:00:00;77.7729498506111
05/06/2017;12:00:00;77.4143084200914
05/06/2017;13:00:00;75.7479453405055
05/06/2017;14:00:00;76.4266407725281
05/06/2017;15:00:00;78.1815990701716
05/06/2017;16:00:00;77.5209197383482
05/06/2017;17:00:00;77.531670222783
05/06/2017;18:00:00;77.3105547475212
05/06/2017;19:00:00;77.7773670249683
05/06/2017;20:00:00;77.0738855506653
05/06/2017;21:00:00;77.6401247172015
05/06/2017;22:00:00;77.466238575119
05/06/2017;23:00:00;77.2279158063381
05/07/2017;00:00:00;77.316612882319
05/07/2017;01:00:00;77.127474410501
05/07/2017;02:00:00;77.0797270915316
05/07/2017;03:00:00;77.2200230542903
05/07/2017;04:00:00;77.3136679181797
05/07/2017;05:00:00;76.7488658851292
05/07/2017;06:00:00;76.9032980876744
05/07/2017;07:00:00;77.2237850292177
05/07/2017;08:00:00;76.6833364534117
05/07/2017;09:00:00;77.0435841815768
05/07/2017;10:00:00;77.1221691114945
05/07/2017;11:00:00;77.245014591353
05/07/2017;12:00:00;77.0332933938013
05/07/2017;13:00:00;77.0175799438303
05/07/2017;14:00:00;77.3592130575708
05/07/2017;15:00:00;77.4455186951438
05/07/2017;16:00:00;77.350492703701
05/07/2017;17:00:00;77.3987279186974
05/07/2017;18:00:00;77.2485688774558
05/07/2017;19:00:00;77.5222277023168
05/07/2017;20:00:00;78.6459129322968
05/07/2017;21:00:00;79.3314658219142
05/07/2017;22:00:00;77.7279884102944
05/07/2017;23:00:00;77.613994942325
05/08/2017;00:00:00;78.3394706859924
05/08/2017;01:00:00;78.5072464834915
05/08/2017;02:00:00;78.8038522973915
05/08/2017;03:00:00;77.775455483105
05/08/2017;04:00:00;78.0460866442765
05/08/2017;05:00:00;78.3532114524867
05/08/2017;06:00:00;77.1922455309213
05/08/2017;07:00:00;77.7017580556127
05/08/2017;08:00:00;77.2300342580358
05/08/2017;09:00:00;77.5523016326588
05/08/2017;10:00:00;77.7788091672122
05/08/2017;11:00:00;78.0879811338813
05/08/2017;12:00:00;77.4126298166611
05/08/2017;13:00:00;76.7752885754867
05/08/2017;14:00:00;78.2813521446437
05/08/2017;15:00:00;78.4425605130061
05/08/2017;16:00:00;78.0079674271436
05/08/2017;17:00:00;77.1266076896859
05/08/2017;18:00:00;77.5383301914529
05/08/2017;19:00:00;77.9034925415228
05/08/2017;20:00:00;77.822131382591
05/08/2017;21:00:00;77.8158442961862
05/08/2017;22:00:00;77.9781233788841
05/08/2017;23:00:00;77.8907647407257
05/09/2017;00:00:00;78.0325816433772
05/09/2017;01:00:00;78.1069437122098
05/09/2017;02:00:00;77.9047442662335
05/09/2017;03:00:00;77.9280255183856
05/09/2017;04:00:00;77.9283452785472
05/09/2017;05:00:00;77.9429467071567
05/09/2017;06:00:00;77.5272052456419
05/09/2017;07:00:00;78.0099969711799
05/09/2017;08:00:00;78.0760817342334
05/09/2017;09:00:00;77.8426237098222
05/09/2017;10:00:00;78.2123781767308
05/09/2017;11:00:00;78.334793589463
05/09/2017;12:00:00;77.6071890457227
05/09/2017;13:00:00;78.0205182308836
05/09/2017;14:00:00;77.6348211981692
05/09/2017;15:00:00;77.7519008824717
05/09/2017;16:00:00;77.6148307494604
05/09/2017;17:00:00;78.5509539158032
05/09/2017;18:00:00;78.868407405374
05/09/2017;19:00:00;78.0362331296037
05/09/2017;20:00:00;78.4196175008386
05/09/2017;21:00:00;78.6262931926199
05/09/2017;22:00:00;77.9874524194246
05/09/2017;23:00:00;78.6584987468337
05/10/2017;00:00:00;78.36031708412
05/10/2017;01:00:00;79.2281176881698
05/10/2017;02:00:00;78.8843607379331
05/10/2017;03:00:00;78.4510679999588
05/10/2017;04:00:00;78.4902661063705
05/10/2017;05:00:00;78.5270601102086
05/10/2017;06:00:00;78.6447313656565
05/10/2017;07:00:00;78.623487111975
05/10/2017;08:00:00;78.7060421129866
05/10/2017;09:00:00;79.5008418710307
05/10/2017;10:00:00;78.9970153170912
05/10/2017;11:00:00;78.2178099469403
05/10/2017;12:00:00;80.8488006044218
05/10/2017;13:00:00;76.8035702292865
05/10/2017;14:00:00;77.9428261829332
05/10/2017;15:00:00;78.1197554136975
05/10/2017;16:00:00;78.6169868095748
05/10/2017;17:00:00;77.9452066960839
05/10/2017;18:00:00;78.0980924628207
05/10/2017;19:00:00;78.7547657568508
05/10/2017;20:00:00;79.1177509031988
05/10/2017;21:00:00;77.6938645191611
05/10/2017;22:00:00;78.4766711719382
05/10/2017;23:00:00;78.486886906974
05/11/2017;00:00:00;78.5791084355591
05/11/2017;01:00:00;78.7502643044839
05/11/2017;02:00:00;81.534238328839
05/11/2017;03:00:00;74.9091842366426
05/11/2017;04:00:00;80.7428152884023
05/11/2017;05:00:00;80.4763516028873
05/11/2017;06:00:00;78.2426899458083
05/11/2017;07:00:00;80.1467077281254
05/11/2017;08:00:00;81.5634151783713
05/11/2017;09:00:00;81.7876397230944
05/11/2017;10:00:00;82.11965301947
05/11/2017;11:00:00;81.4809793949075
05/11/2017;12:00:00;77.8892502033277
05/11/2017;13:00:00;77.7308200349872
05/11/2017;14:00:00;81.2335760258172
05/11/2017;15:00:00;83.2764466331699
05/11/2017;16:00:00;82.0451888120004
05/11/2017;17:00:00;81.4950458453619
05/11/2017;18:00:00;81.9692753350277
05/11/2017;19:00:00;82.849303876444
05/11/2017;20:00:00;82.7882665733636
05/11/2017;21:00:00;83.4467860511346
05/11/2017;22:00:00;82.792689533102
05/11/2017;23:00:00;82.4104740054743
05/12/2017;00:00:00;82.0522320145977
05/12/2017;01:00:00;83.1054144544016
05/12/2017;02:00:00;83.1128200110958
05/12/2017;03:00:00;84.4555779736823
05/12/2017;04:00:00;82.66219781033
05/12/2017;05:00:00;82.6421690609487
05/12/2017;06:00:00;82.7911334579806
05/12/2017;07:00:00;82.7941999206379
05/12/2017;08:00:00;82.6202693814574
05/12/2017;09:00:00;82.6834453135452
05/12/2017;10:00:00;82.7163374197484
05/12/2017;11:00:00;79.6551171596765
05/12/2017;12:00:00;77.5534146642444
05/12/2017;13:00:00;79.1704719517037
05/12/2017;14:00:00;78.7895172239382
05/12/2017;15:00:00;78.5281814481997
05/12/2017;16:00:00;79.4441025471359
05/12/2017;17:00:00;79.3823967118645
05/12/2017;18:00:00;78.8797401948524
05/12/2017;19:00:00;80.1108293623156
05/12/2017;20:00:00;80.0138737370198
05/12/2017;21:00:00;78.9541820836389
05/12/2017;22:00:00;79.7830425377104
05/12/2017;23:00:00;79.6065294452071
05/13/2017;00:00:00;78.1865619219795
05/13/2017;01:00:00;79.9252395151689
05/13/2017;02:00:00;79.2376470961771
05/13/2017;03:00:00;79.7183012972951
05/13/2017;04:00:00;79.8657845294831
05/13/2017;05:00:00;79.7027011455059
05/13/2017;06:00:00;80.1254358374337
05/13/2017;07:00:00;79.7149668222996
05/13/2017;08:00:00;79.7419129107669
05/13/2017;09:00:00;79.7353547388881
05/13/2017;10:00:00;79.6224323845531
05/13/2017;11:00:00;80.1060401166904
05/13/2017;12:00:00;79.8109393373335
05/13/2017;13:00:00;81.2063451678027
05/13/2017;14:00:00;81.3666898740509
05/13/2017;15:00:00;79.1527408613956
05/13/2017;16:00:00;81.2412007048519
05/13/2017;17:00:00;82.6742256773827
05/13/2017;18:00:00;83.3410899992114
05/13/2017;19:00:00;83.5097546548416
05/13/2017;20:00:00;83.1502823057197
05/13/2017;21:00:00;82.183623922282
05/13/2017;22:00:00;81.3549480156593
05/13/2017;23:00:00;82.0344624996731
05/14/2017;00:00:00;82.5569043285926
05/14/2017;01:00:00;83.2504836258635
05/14/2017;02:00:00;82.8895171165322
05/14/2017;03:00:00;82.3117392809538
05/14/2017;04:00:00;82.7476421425638
05/14/2017;05:00:00;82.6343082035742
05/14/2017;06:00:00;82.8836093554945
05/14/2017;07:00:00;82.6887444265894
05/14/2017;08:00:00;82.1904332542743
05/14/2017;09:00:00;82.202649835319
05/14/2017;10:00:00;82.5713063462461
05/14/2017;11:00:00;82.3656374323708
05/14/2017;12:00:00;81.7989635059214
05/14/2017;13:00:00;81.7546084113439
05/14/2017;14:00:00;81.9194161889811
05/14/2017;15:00:00;81.9736436971005
05/14/2017;16:00:00;81.5141393665049
05/14/2017;17:00:00;81.8645459620063
05/14/2017;18:00:00;81.2257378564422
05/14/2017;19:00:00;80.7934204438869
05/14/2017;20:00:00;81.5065834619656
05/14/2017;21:00:00;81.8044377107888
05/14/2017;22:00:00;81.1762548085487
05/14/2017;23:00:00;81.8774019048419
05/15/2017;00:00:00;82.4531278379368
05/15/2017;01:00:00;82.3583754108074
05/15/2017;02:00:00;81.8804647531737
05/15/2017;03:00:00;81.3665704998751
05/15/2017;04:00:00;81.3444931037345
05/15/2017;05:00:00;81.6625236103964
05/15/2017;06:00:00;82.0830026466973
05/15/2017;07:00:00;82.2565694585902
05/15/2017;08:00:00;82.0593870423999
05/15/2017;09:00:00;82.0839871056519
05/15/2017;10:00:00;81.4560930085341
05/15/2017;11:00:00;81.7292042189586
05/15/2017;12:00:00;81.784302011615
05/15/2017;13:00:00;81.8043032160084
05/15/2017;14:00:00;81.9801419298829
05/15/2017;15:00:00;81.6179156459719
05/15/2017;16:00:00;81.7133212772157
05/15/2017;17:00:00;81.7329023701633
05/15/2017;18:00:00;81.4253286950376
05/15/2017;19:00:00;81.4796770264474
05/15/2017;20:00:00;81.5138105314746
05/15/2017;21:00:00;81.3766742690496
05/15/2017;22:00:00;81.3863252606962
05/15/2017;23:00:00;81.4380434353095
05/16/2017;00:00:00;81.6746745727538
05/16/2017;01:00:00;82.070458293821
05/16/2017;02:00:00;82.0290648671879
05/16/2017;03:00:00;81.2426330219363
05/16/2017;04:00:00;81.2462414062836
05/16/2017;05:00:00;80.6462742154637
05/16/2017;06:00:00;81.3428703760832
05/16/2017;07:00:00;80.991093257099
05/16/2017;08:00:00;81.1750243819333
05/16/2017;09:00:00;81.4260953584112
05/16/2017;10:00:00;81.7106163612518
05/16/2017;11:00:00;81.3120414853535
05/16/2017;12:00:00;81.4951307544936
05/16/2017;13:00:00;81.5239516202312
05/16/2017;14:00:00;81.4989974273636
05/16/2017;15:00:00;81.5226012157962
05/16/2017;16:00:00;81.2346911024563
05/16/2017;17:00:00;81.3410604481605
05/16/2017;18:00:00;81.3329298490609
05/16/2017;19:00:00;81.2215002910173
05/16/2017;20:00:00;81.337296474347
05/16/2017;21:00:00;81.1749597598502
05/16/2017;22:00:00;80.7285734921527
05/16/2017;23:00:00;80.7468182449086
05/17/2017;00:00:00;80.6428856119578
05/17/2017;01:00:00;80.7740445349552
05/17/2017;02:00:00;80.9171514386438
05/17/2017;03:00:00;81.1707734483408
05/17/2017;04:00:00;81.5457101777593
05/17/2017;05:00:00;81.4008015736609
05/17/2017;06:00:00;80.5599440958027
05/17/2017;07:00:00;80.7711938707417
05/17/2017;08:00:00;80.8173815095611
05/17/2017;09:00:00;80.6583987045042
05/17/2017;10:00:00;80.9815809636808
05/17/2017;11:00:00;80.5974190009325
05/17/2017;12:00:00;80.9591683812131
05/17/2017;13:00:00;80.4146653964914
05/17/2017;14:00:00;80.6503843471106
05/17/2017;15:00:00;80.8699902789786
05/17/2017;16:00:00;81.5553120896263
05/17/2017;17:00:00;80.8135750483424
05/17/2017;18:00:00;80.7438077618609
05/17/2017;19:00:00;81.0947522142781
05/17/2017;20:00:00;81.0941316968868
05/17/2017;21:00:00;80.9382512968894
05/17/2017;22:00:00;80.7501480807534
05/17/2017;23:00:00;80.7795790172138
05/18/2017;00:00:00;80.9170361515539
05/18/2017;01:00:00;80.7998700757151
05/18/2017;02:00:00;80.7923916808573
05/18/2017;03:00:00;80.8568686750256
05/18/2017;04:00:00;80.8118325812857
05/18/2017;05:00:00;80.5757122312336
05/18/2017;06:00:00;80.2576664619062
05/18/2017;07:00:00;80.3729345709356
05/18/2017;08:00:00;80.8968938018188
05/18/2017;09:00:00;80.5872393374363
05/18/2017;10:00:00;80.6959937058535
05/18/2017;11:00:00;80.8360453533534
05/18/2017;12:00:00;81.2351803849113
05/18/2017;13:00:00;80.5833218680282
05/18/2017;14:00:00;80.6807478507593
05/18/2017;15:00:00;80.8741202642736
05/18/2017;16:00:00;81.5545211652478
05/18/2017;17:00:00;81.4281093759042
05/18/2017;18:00:00;81.4534685531804
05/18/2017;19:00:00;82.879057624935
05/18/2017;20:00:00;82.2608979379424
05/18/2017;21:00:00;82.9376184272801
05/18/2017;22:00:00;82.1367039931738
05/18/2017;23:00:00;82.14203972648
05/19/2017;00:00:00;82.1460104738812
05/19/2017;01:00:00;81.9531486231898
05/19/2017;02:00:00;80.1340420397355
05/19/2017;03:00:00;80.3151661509591
05/19/2017;04:00:00;81.8335681058216
05/19/2017;05:00:00;81.2593367765233
05/19/2017;06:00:00;81.305998979929
05/19/2017;07:00:00;83.0707458014475
05/19/2017;08:00:00;84.063514434743
05/19/2017;09:00:00;81.6704429689856
05/19/2017;10:00:00;81.5244051767948
05/19/2017;11:00:00;81.2113645515796
05/19/2017;12:00:00;81.5330337753349
05/19/2017;13:00:00;81.8073730065114
05/19/2017;14:00:00;81.5399263002595
05/19/2017;15:00:00;81.5413030426664
05/19/2017;16:00:00;82.015484987926
05/19/2017;17:00:00;81.7053157470313
05/19/2017;18:00:00;81.7446628969762
05/19/2017;19:00:00;81.1676118861946
05/19/2017;20:00:00;80.8234208376302
05/19/2017;21:00:00;80.8138593793156
05/19/2017;22:00:00;81.0866678032178
05/19/2017;23:00:00;81.4322531966334
05/20/2017;00:00:00;81.2700588200252
05/20/2017;01:00:00;81.2432184191708
05/20/2017;02:00:00;81.242821850558
05/20/2017;03:00:00;81.3925963215348
05/20/2017;04:00:00;82.1893738049931
05/20/2017;05:00:00;82.2450286925644
05/20/2017;06:00:00;81.6190833970013
05/20/2017;07:00:00;81.6279573866963
05/20/2017;08:00:00;81.6572179529383
05/20/2017;09:00:00;81.644865275228
05/20/2017;10:00:00;81.6526094868674
05/20/2017;11:00:00;81.940471982083
05/20/2017;12:00:00;82.0723585609509
05/20/2017;13:00:00;81.4825113403296
05/20/2017;14:00:00;81.4548069605076
05/20/2017;15:00:00;81.4561088219764
05/20/2017;16:00:00;81.6659828393204
05/20/2017;17:00:00;81.8770451933792
05/20/2017;18:00:00;81.4062288788586
05/20/2017;19:00:00;80.5020598513135
05/20/2017;20:00:00;80.5243582526895
05/20/2017;21:00:00;81.0649175228453
05/20/2017;22:00:00;80.2280135594828
05/20/2017;23:00:00;80.1761197602684
05/21/2017;00:00:00;79.7192342422428
05/21/2017;01:00:00;79.5168487226691
05/21/2017;02:00:00;79.6542132628686
05/21/2017;03:00:00;79.6393623396069
05/21/2017;04:00:00;79.4478835239139
05/21/2017;05:00:00;79.2419870839441
05/21/2017;06:00:00;79.2371344091351
05/21/2017;07:00:00;79.8572572206814
05/21/2017;08:00:00;80.0217493956469
05/21/2017;09:00:00;79.9845136715165
05/21/2017;10:00:00;79.80871172274
05/21/2017;11:00:00;80.281137922879
05/21/2017;12:00:00;80.1635764724212
05/21/2017;13:00:00;80.0294911392503
05/21/2017;14:00:00;80.0360551468463
05/21/2017;15:00:00;80.055275076385
05/21/2017;16:00:00;80.1423872215652
05/21/2017;17:00:00;80.2717063101475
05/21/2017;18:00:00;80.242841403383
05/21/2017;19:00:00;80.2432262629519
05/21/2017;20:00:00;80.1659850389066
05/21/2017;21:00:00;80.2464931957178
05/21/2017;22:00:00;80.2375656767933
05/21/2017;23:00:00;80.2704306614173
05/22/2017;00:00:00;81.4709494182309
05/22/2017;01:00:00;81.3816995903629
05/22/2017;02:00:00;81.5392946007737
05/22/2017;03:00:00;81.7887745779506
05/22/2017;04:00:00;81.7857264403503
05/22/2017;05:00:00;81.5795296743875
05/22/2017;06:00:00;81.5824537443969
05/22/2017;07:00:00;81.6927655226314
05/22/2017;08:00:00;81.6867566436756
05/22/2017;09:00:00;81.6900869753549
05/22/2017;10:00:00;81.6137474702938
05/22/2017;11:00:00;81.8631553618554
05/22/2017;12:00:00;82.1809733243704
05/22/2017;13:00:00;82.0429947853807
05/22/2017;14:00:00;81.9738425276795
05/22/2017;15:00:00;81.7095428309972
05/22/2017;16:00:00;80.7884305306663
05/22/2017;17:00:00;80.3448465293904
05/22/2017;18:00:00;80.4012968998803
05/22/2017;19:00:00;81.2843126843484
05/22/2017;20:00:00;81.444611187391
05/22/2017;21:00:00;80.9649705863243
05/22/2017;22:00:00;80.52593889472
05/22/2017;23:00:00;81.0046602824037
05/23/2017;00:00:00;80.5774165296172
05/23/2017;01:00:00;81.3231125779516
05/23/2017;02:00:00;81.0706769472437
05/23/2017;03:00:00;80.71680453322
05/23/2017;04:00:00;80.7547680165029
05/23/2017;05:00:00;80.6990006727511
05/23/2017;06:00:00;80.9075766761598
05/23/2017;07:00:00;80.9874627851999
05/23/2017;08:00:00;81.1211676690094
05/23/2017;09:00:00;81.1309479352363
05/23/2017;10:00:00;80.9764343559219
05/23/2017;11:00:00;81.0968678045776
05/23/2017;12:00:00;81.4202750220093
05/23/2017;13:00:00;81.7372397507023
05/23/2017;14:00:00;81.4344108500713
05/23/2017;15:00:00;82.279325159136
05/23/2017;16:00:00;81.8038724162486
05/23/2017;17:00:00;82.0472332094465
05/23/2017;18:00:00;81.6951219193806
05/23/2017;19:00:00;81.7977131718584
05/23/2017;20:00:00;82.0579025609595
05/23/2017;21:00:00;82.6544432783114
05/23/2017;22:00:00;81.2858825061724
05/23/2017;23:00:00;81.4798717018739
05/24/2017;00:00:00;81.5476186534043
05/24/2017;01:00:00;81.6102151909592
05/24/2017;02:00:00;81.2425126561848
05/24/2017;03:00:00;81.1389525922907
05/24/2017;04:00:00;81.1324927439574
05/24/2017;05:00:00;81.162853493505
05/24/2017;06:00:00;81.07510535588
05/24/2017;07:00:00;80.8799271353832
05/24/2017;08:00:00;80.8807860830184
05/24/2017;09:00:00;81.4124636797293
05/24/2017;10:00:00;80.8361134313637
05/24/2017;11:00:00;81.1693399567899
05/24/2017;12:00:00;80.6379209582286
05/24/2017;13:00:00;80.5231553957575
05/24/2017;14:00:00;80.8312834368902
05/24/2017;15:00:00;80.385931810862
05/24/2017;16:00:00;80.6195791550606
05/24/2017;17:00:00;81.031442758361
05/24/2017;18:00:00;81.2494687028937
05/24/2017;19:00:00;81.5208350413595
05/24/2017;20:00:00;81.304187229082
05/24/2017;21:00:00;81.2669237893478
05/24/2017;22:00:00;81.3957688417906
05/24/2017;23:00:00;81.4431515159262
05/25/2017;00:00:00;81.5182052927468
05/25/2017;01:00:00;82.0363088274271
05/25/2017;02:00:00;82.1014566013697
05/25/2017;03:00:00;81.9963700025038
05/25/2017;04:00:00;82.0041554950452
05/25/2017;05:00:00;81.950259955283
05/25/2017;06:00:00;82.0183924714322
05/25/2017;07:00:00;76.6736231252585
05/25/2017;08:00:00;74.6600102038212
05/25/2017;09:00:00;74.5307372984712
05/25/2017;10:00:00;74.711553290538
05/25/2017;11:00:00;75.133853641168
05/25/2017;12:00:00;75.7776351889684
05/25/2017;13:00:00;75.5176285852543
05/25/2017;14:00:00;75.3434288380288
05/25/2017;15:00:00;74.8420547585917
05/25/2017;16:00:00;74.6252481375923
05/25/2017;17:00:00;74.9343787047132
05/25/2017;18:00:00;74.5172916992072
05/25/2017;19:00:00;74.8263469134216
05/25/2017;20:00:00;75.1554129103206
05/25/2017;21:00:00;75.12076504287
05/25/2017;22:00:00;74.832967022456
05/25/2017;23:00:00;75.1002892917906
05/26/2017;00:00:00;75.1730273541246
05/26/2017;01:00:00;75.124797241179
05/26/2017;02:00:00;74.9817337265426
05/26/2017;03:00:00;75.2354922944303
05/26/2017;04:00:00;74.8829413276268
05/26/2017;05:00:00;74.9201408665528
05/26/2017;06:00:00;74.8675089331091
05/26/2017;07:00:00;74.9172642325422
05/26/2017;08:00:00;75.4537295786862
05/26/2017;09:00:00;75.2964295713735
05/26/2017;10:00:00;75.4056078539464
05/26/2017;11:00:00;75.365837572399
05/26/2017;12:00:00;76.1318123535258
05/26/2017;13:00:00;75.8098401289338
05/26/2017;14:00:00;75.4777442824107
05/26/2017;15:00:00;75.7519429613152
05/26/2017;16:00:00;76.1795698913523
05/26/2017;17:00:00;76.0822458491701
05/26/2017;18:00:00;76.0032214705999
05/26/2017;19:00:00;76.3643769373985
05/26/2017;20:00:00;76.9805308410136
05/26/2017;21:00:00;77.4303460739266
05/26/2017;22:00:00;76.6383580115866
05/26/2017;23:00:00;76.1699426927581
05/27/2017;00:00:00;76.3819282437637
05/27/2017;01:00:00;76.137775550342
05/27/2017;02:00:00;75.8695295616869
05/27/2017;03:00:00;76.0716427718542
05/27/2017;04:00:00;75.7927632833161
05/27/2017;05:00:00;75.7770783191706
05/27/2017;06:00:00;75.8181363421969
05/27/2017;07:00:00;75.7942159795886
05/27/2017;08:00:00;75.7406114321146
05/27/2017;09:00:00;75.7766260347954
05/27/2017;10:00:00;76.1826766623013
05/27/2017;11:00:00;76.1537010818452
05/27/2017;12:00:00;75.7607126139096
05/27/2017;13:00:00;77.1974159798147
05/27/2017;14:00:00;76.8832070477187
05/27/2017;15:00:00;76.1564731340166
05/27/2017;16:00:00;75.1510942076341
05/27/2017;17:00:00;75.9502533705574
05/27/2017;18:00:00;76.2696274590838
05/27/2017;19:00:00;76.3317180018526
05/27/2017;20:00:00;76.3685126010915
05/27/2017;21:00:00;76.289515771882
05/27/2017;22:00:00;76.549140773561
05/27/2017;23:00:00;76.3933021021367
05/28/2017;00:00:00;76.7381418361713
05/28/2017;01:00:00;76.5404628777844
05/28/2017;02:00:00;76.256123487908
05/28/2017;03:00:00;76.552138427418
05/28/2017;04:00:00;76.5600677503846
05/28/2017;05:00:00;76.3955555770943
05/28/2017;06:00:00;75.7494654647459
05/28/2017;07:00:00;75.7750354399149
05/28/2017;08:00:00;75.8324390015238
05/28/2017;09:00:00;76.0935037406817
05/28/2017;10:00:00;76.1717822202396
05/28/2017;11:00:00;75.9308037766228
05/28/2017;12:00:00;76.3158098001148
05/28/2017;13:00:00;76.2122925117414
05/28/2017;14:00:00;76.3227285546704
05/28/2017;15:00:00;76.207531527221
05/28/2017;16:00:00;76.3020258961447
05/28/2017;17:00:00;76.4145854252522
05/28/2017;18:00:00;76.1102688938059
05/28/2017;19:00:00;76.2108232949026
05/28/2017;20:00:00;76.2884907353038
05/28/2017;21:00:00;76.0182054736718
05/28/2017;22:00:00;76.1186734721347
05/28/2017;23:00:00;75.9898016394459
05/29/2017;00:00:00;75.9427112538592
05/29/2017;01:00:00;76.1938685904641
05/29/2017;02:00:00;76.082295320594
05/29/2017;03:00:00;76.0491251933381
05/29/2017;04:00:00;76.033024490373
05/29/2017;05:00:00;76.0025924409486
05/29/2017;06:00:00;75.9261420695115
05/29/2017;07:00:00;75.9912948665365
05/29/2017;08:00:00;76.0222113003007
05/29/2017;09:00:00;76.2679930372326
05/29/2017;10:00:00;76.1545258248252
05/29/2017;11:00:00;76.7098954219334
05/29/2017;12:00:00;76.9919258614818
05/29/2017;13:00:00;76.4903304874067
05/29/2017;14:00:00;76.5364019556359
05/29/2017;15:00:00;76.5017330223661
05/29/2017;16:00:00;76.8629259082351
05/29/2017;17:00:00;76.6270333268088
05/29/2017;18:00:00;76.906501208939
05/29/2017;19:00:00;77.17008598693
05/29/2017;20:00:00;77.0430422571701
05/29/2017;21:00:00;77.241347488643
05/29/2017;22:00:00;76.6121422534869
05/29/2017;23:00:00;77.2353246193439
05/30/2017;00:00:00;76.7921767034627
05/30/2017;01:00:00;77.2247074403217
05/30/2017;02:00:00;77.1483967543574
05/30/2017;03:00:00;77.026690313023
05/30/2017;04:00:00;76.7149280422777
05/30/2017;05:00:00;76.7701507261979
05/30/2017;06:00:00;76.5721780724728
05/30/2017;07:00:00;76.7315164864691
05/30/2017;08:00:00;76.8304185512377
05/30/2017;09:00:00;76.8711813651497
05/30/2017;10:00:00;77.0330832758657
05/30/2017;11:00:00;76.7359427070043
05/30/2017;12:00:00;76.7321245523767
05/30/2017;13:00:00;77.0138599404354
05/30/2017;14:00:00;77.0148677073791
05/30/2017;15:00:00;76.6840022813896
05/30/2017;16:00:00;76.5233608184818
05/30/2017;17:00:00;75.6810036499717
05/30/2017;18:00:00;76.7116240919067
05/30/2017;19:00:00;76.4413120162014
05/30/2017;20:00:00;76.4676439438895
05/30/2017;21:00:00;77.6642991592032
05/30/2017;22:00:00;77.0872067721261
05/30/2017;23:00:00;77.1967136317212
05/31/2017;00:00:00;76.4973136451736
05/31/2017;01:00:00;76.6817505505549
05/31/2017;02:00:00;76.8278385992847
05/31/2017;03:00:00;76.7410943233962
05/31/2017;04:00:00;75.9692508568694
05/31/2017;05:00:00;75.9184909700192
05/31/2017;06:00:00;75.5924382470573
05/31/2017;07:00:00;75.8434690513405
05/31/2017;08:00:00;75.808417319871
05/31/2017;09:00:00;76.0182293973723
05/31/2017;10:00:00;76.2964744493815
05/31/2017;11:00:00;76.2376897230573
05/31/2017;12:00:00;75.8920505936935
05/31/2017;13:00:00;76.2216687674007
05/31/2017;14:00:00;75.9524264466204
05/31/2017;15:00:00;76.0802576955276
05/31/2017;16:00:00;76.0719972348813
05/31/2017;17:00:00;75.6570833215038
05/31/2017;18:00:00;75.9902795262646
05/31/2017;19:00:00;76.2339599607168
05/31/2017;20:00:00;76.2319489969442
05/31/2017;21:00:00;76.0962543401952
05/31/2017;22:00:00;76.2215741864304
05/31/2017;23:00:00;76.3422276487106
06/01/2017;00:00:00;76.3678369784307
06/01/2017;01:00:00;76.2779388703719
06/01/2017;02:00:00;76.1280716745206
06/01/2017;03:00:00;75.8572217346883
06/01/2017;04:00:00;75.6535788071735
06/01/2017;05:00:00;75.6196813428677
06/01/2017;06:00:00;75.5211017486668
06/01/2017;07:00:00;75.7024749584164
06/01/2017;08:00:00;75.5474502681955
06/01/2017;09:00:00;74.7641680748667
06/01/2017;10:00:00;74.9799020321007
06/01/2017;11:00:00;75.759067736822
06/01/2017;12:00:00;75.7697215759375
06/01/2017;13:00:00;75.2910612699639
06/01/2017;14:00:00;76.0152855425115
06/01/2017;15:00:00;75.8235209634508
06/01/2017;16:00:00;76.0125341739165
06/01/2017;17:00:00;75.9459712834756
06/01/2017;18:00:00;76.0632394523757
06/01/2017;19:00:00;75.989718807172
06/01/2017;20:00:00;76.2102524757008
06/01/2017;21:00:00;75.8823529021567
06/01/2017;22:00:00;75.676984638967
06/01/2017;23:00:00;75.7574714089167
06/02/2017;00:00:00;75.731784570735
06/02/2017;01:00:00;75.7977162729709
06/02/2017;02:00:00;75.6631530781358
06/02/2017;03:00:00;75.6971064144845
06/02/2017;04:00:00;75.541880450498
06/02/2017;05:00:00;75.37487023718
06/02/2017;06:00:00;75.4814662690908
06/02/2017;07:00:00;75.3286462956481
06/02/2017;08:00:00;75.7082266803981
06/02/2017;09:00:00;75.548193606483
06/02/2017;10:00:00;75.9609145281485
06/02/2017;11:00:00;75.7974663854653
06/02/2017;12:00:00;75.1013674300017
06/02/2017;13:00:00;75.9886422845482
06/02/2017;14:00:00;76.3294619578795
06/02/2017;15:00:00;76.4122021829657
06/02/2017;16:00:00;76.2942960996516
06/02/2017;17:00:00;76.1037700675754
06/02/2017;18:00:00;76.1218128298609
06/02/2017;19:00:00;76.5607711056143
06/02/2017;20:00:00;76.0503055504397
06/02/2017;21:00:00;76.3288143285084
06/02/2017;22:00:00;75.1617904208133
06/02/2017;23:00:00;75.7253297586116
06/03/2017;00:00:00;75.8768984867236
06/03/2017;01:00:00;75.8149348194934
06/03/2017;02:00:00;75.7115691960905
06/03/2017;03:00:00;75.7059118237368
06/03/2017;04:00:00;75.9122450590692
06/03/2017;05:00:00;75.8066233030512
06/03/2017;06:00:00;75.8506826495231
06/03/2017;07:00:00;75.9901071970771
06/03/2017;08:00:00;75.9182995716023
06/03/2017;09:00:00;75.9450177720937
06/03/2017;10:00:00;76.0144124858435
06/03/2017;11:00:00;75.9942285095096
06/03/2017;12:00:00;76.3915273489897
06/03/2017;13:00:00;76.7267397995726
06/03/2017;14:00:00;77.4421752572066
06/03/2017;15:00:00;77.5286760606563
06/03/2017;16:00:00;77.2019677436732
06/03/2017;17:00:00;77.683910595665
06/03/2017;18:00:00;76.5573092800822
06/03/2017;19:00:00;76.6168213320787
06/03/2017;20:00:00;76.4017500270967
06/03/2017;21:00:00;76.5796888073261
06/03/2017;22:00:00;76.2254724291383
06/03/2017;23:00:00;76.4507242128403
06/04/2017;00:00:00;76.1297540380039
06/04/2017;01:00:00;76.7227193836238
06/04/2017;02:00:00;76.2622684208081
06/04/2017;03:00:00;76.4387723823641
06/04/2017;04:00:00;76.1081648855484
06/04/2017;05:00:00;76.2267305004035
06/04/2017;06:00:00;76.0628584765771
06/04/2017;07:00:00;76.0101246573009
06/04/2017;08:00:00;75.7370607365361
06/04/2017;09:00:00;76.3931252197418
06/04/2017;10:00:00;76.4735526120021
06/04/2017;11:00:00;76.3744726644947
06/04/2017;12:00:00;76.2026669213489
06/04/2017;13:00:00;76.1712270200985
06/04/2017;14:00:00;76.0798704489485
06/04/2017;15:00:00;75.7696830742598
06/04/2017;16:00:00;76.5495399660067
06/04/2017;17:00:00;78.3764866253687
06/04/2017;18:00:00;75.9499783754549
06/04/2017;19:00:00;77.2857351031905
06/04/2017;20:00:00;75.7472433377847
06/04/2017;21:00:00;75.9826856513266
06/04/2017;22:00:00;75.8948994187195
06/04/2017;23:00:00;75.0949718987512
06/05/2017;00:00:00;75.3809190133193
06/05/2017;01:00:00;75.0856198014243
06/05/2017;02:00:00;75.585748209905
06/05/2017;03:00:00;75.333624172964
06/05/2017;04:00:00;75.5632321135414
06/05/2017;05:00:00;75.9627978607211
06/05/2017;06:00:00;75.3854415173819
06/05/2017;07:00:00;75.5004021035573
06/05/2017;08:00:00;75.2491610044
06/05/2017;09:00:00;77.2202639048242
06/05/2017;10:00:00;76.6656016618419
06/05/2017;11:00:00;75.4905133629673
06/05/2017;12:00:00;76.5476619713316
06/05/2017;13:00:00;75.8142744700667
06/05/2017;14:00:00;75.7959499887253
06/05/2017;15:00:00;75.058057148901
06/05/2017;16:00:00;75.6475266273921
06/05/2017;17:00:00;75.43231386186
06/05/2017;18:00:00;77.8808334361913
06/05/2017;19:00:00;76.4543110688053
06/05/2017;20:00:00;76.2861357673242
06/05/2017;21:00:00;76.281702255755
06/05/2017;22:00:00;76.2242977992185
06/05/2017;23:00:00;76.0774527881933
06/06/2017;00:00:00;76.9506599611327
06/06/2017;01:00:00;75.7993490882619
06/06/2017;02:00:00;75.6344213789369
06/06/2017;03:00:00;76.3160214498004
06/06/2017;04:00:00;76.068964802692
06/06/2017;05:00:00;75.9204047346638
06/06/2017;06:00:00;75.8886822687475
06/06/2017;07:00:00;75.4717820916941
06/06/2017;08:00:00;75.8970232850797
06/06/2017;09:00:00;75.6602673868542
06/06/2017;10:00:00;77.4421320192507
06/06/2017;11:00:00;77.0020457097106
06/06/2017;12:00:00;75.9908751221733
06/06/2017;13:00:00;76.1488252530644
06/06/2017;14:00:00;77.1167561780291
06/06/2017;15:00:00;75.1682116033889
06/06/2017;16:00:00;76.0386989298362
06/06/2017;17:00:00;75.9825411126972
06/06/2017;18:00:00;75.8238307116415
06/06/2017;19:00:00;75.8006720421068
06/06/2017;20:00:00;75.6043480722262
06/06/2017;21:00:00;75.4753438201019
06/06/2017;22:00:00;75.8144909468856
06/06/2017;23:00:00;75.0987183972002
06/07/2017;00:00:00;75.5910466561365
06/07/2017;01:00:00;75.4495366436621
06/07/2017;02:00:00;75.4863937932561
06/07/2017;03:00:00;75.6636894845613
06/07/2017;04:00:00;75.7084511178588
06/07/2017;05:00:00;75.4148999143955
06/07/2017;06:00:00;75.3458577499929
06/07/2017;07:00:00;75.796031528053
06/07/2017;08:00:00;75.345070714674
06/07/2017;09:00:00;75.6372700451305
06/07/2017;10:00:00;75.9965916535844
06/07/2017;11:00:00;75.4110919493345
06/07/2017;12:00:00;75.561680847622
06/07/2017;13:00:00;75.7581958019618
06/07/2017;14:00:00;75.67121450031
06/07/2017;15:00:00;75.6087473486295
06/07/2017;16:00:00;75.7920409862926
06/07/2017;17:00:00;75.1982046473124
06/07/2017;18:00:00;75.6306705271501
06/07/2017;19:00:00;75.8447755436806
06/07/2017;20:00:00;75.8904245636295
06/07/2017;21:00:00;75.6328352799299
06/07/2017;22:00:00;75.5538195742543
06/07/2017;23:00:00;76.3961800793027
06/08/2017;00:00:00;76.0225659797096
06/08/2017;01:00:00;75.7154670027706
06/08/2017;02:00:00;75.8065637595696
06/08/2017;03:00:00;75.5015989132025
06/08/2017;04:00:00;75.3794835191819
06/08/2017;05:00:00;76.0599121929808
06/08/2017;06:00:00;75.478111340195
06/08/2017;07:00:00;75.2580843903934
06/08/2017;08:00:00;75.517080125792
06/08/2017;09:00:00;75.463381508731
06/08/2017;10:00:00;75.6524344964028
06/08/2017;11:00:00;76.0569817122096
06/08/2017;12:00:00;75.410004425758
06/08/2017;13:00:00;76.1026841082077
06/08/2017;14:00:00;76.0573733262192
06/08/2017;15:00:00;75.4695516539821
06/08/2017;16:00:00;75.6992460314084
06/08/2017;17:00:00;75.770591684327
06/08/2017;18:00:00;75.7142053828858
06/08/2017;19:00:00;76.3172769549687
06/08/2017;20:00:00;76.1829440418867
06/08/2017;21:00:00;75.7925414282897
06/08/2017;22:00:00;75.7847732919431
06/08/2017;23:00:00;75.552654105085
06/09/2017;00:00:00;75.6685292129951
06/09/2017;01:00:00;75.9534726430378
06/09/2017;02:00:00;75.8449995899958
06/09/2017;03:00:00;75.8274392394669
06/09/2017;04:00:00;75.554450924611
06/09/2017;05:00:00;75.7998845600508
06/09/2017;06:00:00;75.3247927816986
06/09/2017;07:00:00;75.5441135085284
06/09/2017;08:00:00;75.5390238722178
06/09/2017;09:00:00;75.4831707189599
06/09/2017;10:00:00;75.3770398653761
06/09/2017;11:00:00;75.3329350282091
06/09/2017;12:00:00;75.7454048182896
06/09/2017;13:00:00;75.7781366515519
06/09/2017;14:00:00;75.6532571540873
06/09/2017;15:00:00;75.5350362857664
06/09/2017;16:00:00;75.2794441541946
06/09/2017;17:00:00;75.6147299607747
06/09/2017;18:00:00;75.7544268317141
06/09/2017;19:00:00;76.049623767568
06/09/2017;20:00:00;75.803187760905
06/09/2017;21:00:00;75.4863752527788
06/09/2017;22:00:00;75.4433462315833
06/09/2017;23:00:00;75.7616454781168
06/10/2017;00:00:00;75.5247625800314
06/10/2017;01:00:00;74.972396918812
06/10/2017;02:00:00;75.5358140901381
06/10/2017;03:00:00;75.330087935386
06/10/2017;04:00:00;75.7802019643221
06/10/2017;05:00:00;75.0820117306441
06/10/2017;06:00:00;75.3753304939451
06/10/2017;07:00:00;75.5587641102333
06/10/2017;08:00:00;75.8402059165895
06/10/2017;09:00:00;75.5949010231961
06/10/2017;10:00:00;75.5280728303119
06/10/2017;11:00:00;75.9508624523258
06/10/2017;12:00:00;76.3479148914464
06/10/2017;13:00:00;75.9050762066963
06/10/2017;14:00:00;76.0120046348081
06/10/2017;15:00:00;75.2567169126706
06/10/2017;16:00:00;75.1456704160048
06/10/2017;17:00:00;76.2157112816021
06/10/2017;18:00:00;76.2053913970642
06/10/2017;19:00:00;76.490344433858
06/10/2017;20:00:00;76.2779478287165
06/10/2017;21:00:00;75.9067707395236
06/10/2017;22:00:00;76.4660415605956
06/10/2017;23:00:00;76.5060012662355
06/11/2017;00:00:00;76.6764959764005
06/11/2017;01:00:00;76.925270631609
06/11/2017;02:00:00;76.8784059783095
06/11/2017;03:00:00;76.7633725341078
06/11/2017;04:00:00;76.2309797459403
06/11/2017;05:00:00;75.9182106370622
06/11/2017;06:00:00;76.3429764110981
06/11/2017;07:00:00;76.302995101167
06/11/2017;08:00:00;76.4066835208109
06/11/2017;09:00:00;76.1880291399084
06/11/2017;10:00:00;75.9826463909077
06/11/2017;11:00:00;76.637138727536
06/11/2017;12:00:00;76.6692116459665
06/11/2017;13:00:00;76.4585174089279
06/11/2017;14:00:00;76.7389609466012
06/11/2017;15:00:00;76.4720455627448
06/11/2017;16:00:00;76.7556789866405
06/11/2017;17:00:00;76.567620222259
06/11/2017;18:00:00;76.6450202719415
06/11/2017;19:00:00;76.7767055581694
06/11/2017;20:00:00;76.4702446637832
06/11/2017;21:00:00;76.5694704345153
06/11/2017;22:00:00;76.6712451807553
06/11/2017;23:00:00;76.2527923808399
06/12/2017;00:00:00;76.2470871331424
06/12/2017;01:00:00;76.3997931151899
06/12/2017;02:00:00;76.0294740253731
06/12/2017;03:00:00;75.8129573951319
06/12/2017;04:00:00;76.0002884740847
06/12/2017;05:00:00;76.4009511815062
06/12/2017;06:00:00;76.5701295857655
06/12/2017;07:00:00;76.093311392168
06/12/2017;08:00:00;75.8862926699204
06/12/2017;09:00:00;76.1482874651917
06/12/2017;10:00:00;75.6505045988009
06/12/2017;11:00:00;76.152728331403
06/12/2017;12:00:00;75.9658897695819
06/12/2017;13:00:00;75.8979456328381
06/12/2017;14:00:00;76.6575375131034
06/12/2017;15:00:00;76.1530069922387
06/12/2017;16:00:00;75.5640006617371
06/12/2017;17:00:00;76.1533506815485
06/12/2017;18:00:00;76.1239358012701
06/12/2017;19:00:00;75.998178767208
06/12/2017;20:00:00;75.4496368903467
06/12/2017;21:00:00;75.7501632797897
06/12/2017;22:00:00;75.9336829283682
06/12/2017;23:00:00;75.9053561127272
06/13/2017;00:00:00;75.6575067892905
06/13/2017;01:00:00;75.9198895116469
06/13/2017;02:00:00;75.7184736242246
06/13/2017;03:00:00;75.9367181239986
06/13/2017;04:00:00;75.8863745620043
06/13/2017;05:00:00;76.0326654929556
06/13/2017;06:00:00;76.0231849000013
06/13/2017;07:00:00;76.2270879949571
06/13/2017;08:00:00;77.4774155404836
06/13/2017;09:00:00;75.4161226806206
06/13/2017;10:00:00;76.1589148294398
06/13/2017;11:00:00;76.2881200971173
06/13/2017;12:00:00;76.0036500489221
06/13/2017;13:00:00;75.9861153102576
06/13/2017;14:00:00;75.5779441376472
06/13/2017;15:00:00;75.6958843888605
06/13/2017;16:00:00;75.6211366991366
06/13/2017;17:00:00;75.7854128744166
06/13/2017;18:00:00;75.4923737950896
06/13/2017;19:00:00;75.5074001440846
06/13/2017;20:00:00;75.6780634163981
06/13/2017;21:00:00;75.4703083931335
06/13/2017;22:00:00;75.5418410077521
06/13/2017;23:00:00;75.3578637609378
06/14/2017;00:00:00;75.3945377079134
06/14/2017;01:00:00;75.4270668631364
06/14/2017;02:00:00;75.3842906555293
06/14/2017;03:00:00;75.7168932130064
06/14/2017;04:00:00;75.2931812175545
06/14/2017;05:00:00;75.3386069713248
06/14/2017;06:00:00;75.5529393153142
06/14/2017;07:00:00;75.4576466623591
06/14/2017;08:00:00;75.5949355330281
06/14/2017;09:00:00;75.9413410751784
06/14/2017;10:00:00;76.042447240782
06/14/2017;11:00:00;76.1798322888315
06/14/2017;12:00:00;76.4852719882312
06/14/2017;13:00:00;76.8590261120161
06/14/2017;14:00:00;77.2447234404372
06/14/2017;15:00:00;77.6940894779758
06/14/2017;16:00:00;79.773049041826
06/14/2017;17:00:00;81.3166406851131
06/14/2017;18:00:00;82.1389986419126
06/14/2017;19:00:00;82.0137116646744
06/14/2017;20:00:00;82.0456949718838
06/14/2017;21:00:00;82.2532904250829
06/14/2017;22:00:00;82.0037719726976
06/14/2017;23:00:00;81.8139618544323
06/15/2017;00:00:00;81.8533826740239
06/15/2017;01:00:00;81.9846507063258
06/15/2017;02:00:00;81.6552275072514
06/15/2017;03:00:00;81.537683777425
06/15/2017;04:00:00;81.4238861945378
06/15/2017;05:00:00;81.3954615893369
06/15/2017;06:00:00;81.5747677789216
06/15/2017;07:00:00;81.5732601788775
06/15/2017;08:00:00;81.7315734759841
06/15/2017;09:00:00;81.6598871029993
06/15/2017;10:00:00;81.7463470855432
06/15/2017;11:00:00;81.9127623395431
06/15/2017;12:00:00;82.3187754247577
06/15/2017;13:00:00;81.9738704481245
06/15/2017;14:00:00;82.0087410044547
06/15/2017;15:00:00;81.9048123260595
06/15/2017;16:00:00;81.9976531635313
06/15/2017;17:00:00;81.6351214411627
06/15/2017;18:00:00;82.396180266191
06/15/2017;19:00:00;81.8198507048756
06/15/2017;20:00:00;81.8533755220409
06/15/2017;21:00:00;81.8874742472443
06/15/2017;22:00:00;81.8872454721008
06/15/2017;23:00:00;81.9304769032255
06/16/2017;00:00:00;82.0780965007875
06/16/2017;01:00:00;81.9195141192842
06/16/2017;02:00:00;81.9161958407406
06/16/2017;03:00:00;81.9608064429303
06/16/2017;04:00:00;82.006050411673
06/16/2017;05:00:00;81.9890449696168
06/16/2017;06:00:00;81.4504434146038
06/16/2017;07:00:00;81.3756444462991
06/16/2017;08:00:00;81.7933141362427
06/16/2017;09:00:00;81.7704663495553
06/16/2017;10:00:00;81.6843092054199
06/16/2017;11:00:00;82.0318675271031
06/16/2017;12:00:00;82.4342612156911
06/16/2017;13:00:00;81.6841404748964
06/16/2017;14:00:00;81.8180574459697
06/16/2017;15:00:00;82.2236971846877
06/16/2017;16:00:00;81.8909454779417
06/16/2017;17:00:00;82.0457016187431
06/16/2017;18:00:00;82.0798762454779
06/16/2017;19:00:00;81.8963682864519
06/16/2017;20:00:00;81.9404084546009
06/16/2017;21:00:00;81.9851666723137
06/16/2017;22:00:00;81.8180910840912
06/16/2017;23:00:00;81.8431855801182
06/17/2017;00:00:00;81.8516386620267
06/17/2017;01:00:00;81.6528198944368
06/17/2017;02:00:00;81.7859625398519
06/17/2017;03:00:00;81.7485585960288
06/17/2017;04:00:00;81.7091198045622
06/17/2017;05:00:00;81.8280983165243
06/17/2017;06:00:00;81.8387073676045
06/17/2017;07:00:00;81.981626208711
06/17/2017;08:00:00;82.0486634855028
06/17/2017;09:00:00;81.8383754218272
06/17/2017;10:00:00;82.0671406590599
06/17/2017;11:00:00;81.9667960146511
06/17/2017;12:00:00;81.711951752994
06/17/2017;13:00:00;81.733733835682
06/17/2017;14:00:00;81.9125066595601
06/17/2017;15:00:00;82.0065166344425
06/17/2017;16:00:00;82.2352361610923
06/17/2017;17:00:00;82.2204858489164
06/17/2017;18:00:00;82.6014948436676
06/17/2017;19:00:00;82.4115209427853
06/17/2017;20:00:00;82.8049619846437
06/17/2017;21:00:00;82.3277060695672
06/17/2017;22:00:00;82.7964680230585
06/17/2017;23:00:00;82.7310784606892
06/18/2017;00:00:00;82.7773440762177
06/18/2017;01:00:00;82.5381132859223
06/18/2017;02:00:00;83.0545107156303
06/18/2017;03:00:00;82.7639331006126
06/18/2017;04:00:00;82.8284581768316
06/18/2017;05:00:00;82.7381284439536
06/18/2017;06:00:00;81.7555044158374
06/18/2017;07:00:00;82.5601038985286
06/18/2017;08:00:00;82.7130276299787
06/18/2017;09:00:00;82.1980408637438
06/18/2017;10:00:00;82.6595205252609
06/18/2017;11:00:00;82.386051057645
06/18/2017;12:00:00;82.6331699557625
06/18/2017;13:00:00;83.7768757536241
06/18/2017;14:00:00;83.0728520960183
06/18/2017;15:00:00;82.2274854513207
06/18/2017;16:00:00;82.3597712895817
06/18/2017;17:00:00;82.155266591762
06/18/2017;18:00:00;83.1190747258008
06/18/2017;19:00:00;82.8431871740535
06/18/2017;20:00:00;82.5739765630167
06/18/2017;21:00:00;82.5902133124468
06/18/2017;22:00:00;82.5623893827641
06/18/2017;23:00:00;82.3624134299228
06/19/2017;00:00:00;84.4624427712625
06/19/2017;01:00:00;82.5028263534782
06/19/2017;02:00:00;82.3760329542935
06/19/2017;03:00:00;82.5106009442426
06/19/2017;04:00:00;82.6458932645559
06/19/2017;05:00:00;82.6072189705056
06/19/2017;06:00:00;82.6959418495468
06/19/2017;07:00:00;82.8485672607068
06/19/2017;08:00:00;82.7651771116816
06/19/2017;09:00:00;82.6367334654775
06/19/2017;10:00:00;82.3035171360211
06/19/2017;11:00:00;82.7734342024036
06/19/2017;12:00:00;82.680544307973
06/19/2017;13:00:00;82.4623858412922
06/19/2017;14:00:00;82.5017970938794
06/19/2017;15:00:00;82.6055906090965
06/19/2017;16:00:00;82.6372999462614
06/19/2017;17:00:00;82.8887293296888
06/19/2017;18:00:00;82.9474424120321
06/19/2017;19:00:00;83.0720927894589
06/19/2017;20:00:00;83.1036363062842
06/19/2017;21:00:00;82.8189550622191
06/19/2017;22:00:00;83.0962572505725
06/19/2017;23:00:00;82.9768201273341
06/20/2017;00:00:00;83.1034211449172
06/20/2017;01:00:00;83.137692741167
06/20/2017;02:00:00;83.0154416079418
06/20/2017;03:00:00;83.5787513226088
06/20/2017;04:00:00;83.3552031608699
06/20/2017;05:00:00;82.933491449654
06/20/2017;06:00:00;83.0109003604741
06/20/2017;07:00:00;83.152219575455
06/20/2017;08:00:00;83.1310841305728
06/20/2017;09:00:00;83.50059128548
06/20/2017;10:00:00;83.2472137346526
06/20/2017;11:00:00;83.4135155694276
06/20/2017;12:00:00;83.2509423103533
06/20/2017;13:00:00;83.3826764439657
06/20/2017;14:00:00;83.1989084997111
06/20/2017;15:00:00;83.2256741867145
06/20/2017;16:00:00;83.6978605494191
06/20/2017;17:00:00;83.261908358691
06/20/2017;18:00:00;83.6683757661791
06/20/2017;19:00:00;83.2264822780763
06/20/2017;20:00:00;83.5555102101379
06/20/2017;21:00:00;83.823887456146
06/20/2017;22:00:00;83.458334755647
06/20/2017;23:00:00;82.7895971599653
06/21/2017;00:00:00;82.4776843397748
06/21/2017;01:00:00;82.3020045174981
06/21/2017;02:00:00;81.5714858806772
06/21/2017;03:00:00;82.0700592622843
06/21/2017;04:00:00;79.8219901970673
06/21/2017;05:00:00;78.5494413174369
06/21/2017;06:00:00;78.3936850032368
06/21/2017;07:00:00;78.1463075723019
06/21/2017;08:00:00;77.9693565610438
06/21/2017;09:00:00;78.7327685001119
06/21/2017;10:00:00;79.1646244059587
06/21/2017;11:00:00;79.2737543824982
06/21/2017;12:00:00;79.9814783036809
06/21/2017;13:00:00;79.9955872253157
06/21/2017;14:00:00;79.4280598902112
06/21/2017;15:00:00;79.6857766732606
06/21/2017;16:00:00;79.8007046066378
06/21/2017;17:00:00;79.4907222827523
06/21/2017;18:00:00;79.398345572695
06/21/2017;19:00:00;79.3401815706929
06/21/2017;20:00:00;79.2643871933913
06/21/2017;21:00:00;79.1972346918605
06/21/2017;22:00:00;79.2282120664532
06/21/2017;23:00:00;79.1594572927863
06/22/2017;00:00:00;79.0885361720366
06/22/2017;01:00:00;79.0936045869444
06/22/2017;02:00:00;78.990188449687
06/22/2017;03:00:00;78.9569644658723
06/22/2017;04:00:00;78.869985999981
06/22/2017;05:00:00;78.9323672716991
06/22/2017;06:00:00;79.1098777568256
06/22/2017;07:00:00;78.8424482728076
06/22/2017;08:00:00;77.5596566848343
06/22/2017;09:00:00;78.1544593355721
06/22/2017;10:00:00;79.5374278033071
06/22/2017;11:00:00;80.264984783303
06/22/2017;12:00:00;80.1437473926762
06/22/2017;13:00:00;80.1503304643535
06/22/2017;14:00:00;80.61860519717
06/22/2017;15:00:00;80.2478430393306
06/22/2017;16:00:00;80.185693470835
06/22/2017;17:00:00;80.0218611944849
06/22/2017;18:00:00;80.0222294961212
06/22/2017;19:00:00;79.7038194239223
06/22/2017;20:00:00;79.3730302020025
06/22/2017;21:00:00;79.6574821911574
06/22/2017;22:00:00;79.4165931073815
06/22/2017;23:00:00;79.3002284069783
06/23/2017;00:00:00;79.1165777713305
06/23/2017;01:00:00;79.1599598966548
06/23/2017;02:00:00;79.3352763856317
06/23/2017;03:00:00;79.0546943164095
06/23/2017;04:00:00;79.0136045951192
06/23/2017;05:00:00;78.9184577690785
06/23/2017;06:00:00;78.9394494489585
06/23/2017;07:00:00;79.3706784887898
06/23/2017;08:00:00;79.005116267323
06/23/2017;09:00:00;78.7384302341947
06/23/2017;10:00:00;78.6423331922109
06/23/2017;11:00:00;78.6478762283665
06/23/2017;12:00:00;78.280827686146
06/23/2017;13:00:00;78.0302079342473
06/23/2017;14:00:00;79.4845815705844
06/23/2017;15:00:00;79.7419571198465
06/23/2017;16:00:00;79.2140995689153
06/23/2017;17:00:00;79.1086875905576
06/23/2017;18:00:00;79.6996764030207
06/23/2017;19:00:00;79.263825321183
06/23/2017;20:00:00;79.0247448192548
06/23/2017;21:00:00;79.1357144199118
06/23/2017;22:00:00;79.0407400422258
06/23/2017;23:00:00;79.2041739047001
06/24/2017;00:00:00;79.2283306541704
06/24/2017;01:00:00;78.9365252035489
06/24/2017;02:00:00;78.9083142391062
06/24/2017;03:00:00;79.3557742282587
06/24/2017;04:00:00;79.0680064987985
06/24/2017;05:00:00;78.9386362222933
06/24/2017;06:00:00;79.1906053871683
06/24/2017;07:00:00;78.9846173068787
06/24/2017;08:00:00;79.1106836051398
06/24/2017;09:00:00;78.7444096404617
06/24/2017;10:00:00;79.246713827892
06/24/2017;11:00:00;79.025410640988
06/24/2017;12:00:00;79.4605605234539
06/24/2017;13:00:00;78.7756581953888
06/24/2017;14:00:00;78.7498490724515
06/24/2017;15:00:00;79.1943886370326
06/24/2017;16:00:00;78.9484889387253
06/24/2017;17:00:00;79.0368364107467
06/24/2017;18:00:00;78.4085862794626
06/24/2017;19:00:00;78.9656109047434
06/24/2017;20:00:00;78.8351163066905
06/24/2017;21:00:00;78.7084202356409
06/24/2017;22:00:00;78.9459077612541
06/24/2017;23:00:00;78.5938558729611
06/25/2017;00:00:00;78.5319508366334
06/25/2017;01:00:00;78.4910648656139
06/25/2017;02:00:00;77.6357266254152
06/25/2017;03:00:00;77.8975916702823
06/25/2017;04:00:00;78.1202582249312
06/25/2017;05:00:00;78.2236618867777
06/25/2017;06:00:00;78.1638385342691
06/25/2017;07:00:00;77.8062862818041
06/25/2017;08:00:00;78.0992960947796
06/25/2017;09:00:00;78.21179465546
06/25/2017;10:00:00;77.2229911716124
06/25/2017;11:00:00;77.7626066730492
06/25/2017;12:00:00;77.0755601451347
06/25/2017;13:00:00;77.2820963728075
06/25/2017;14:00:00;76.4876945552912
06/25/2017;15:00:00;76.8924375020971
06/25/2017;16:00:00;77.2334873926422
06/25/2017;17:00:00;77.3633353445091
06/25/2017;18:00:00;77.4208103316228
06/25/2017;19:00:00;77.5790823058949
06/25/2017;20:00:00;77.3345986214292
06/25/2017;21:00:00;77.3810768094142
06/25/2017;22:00:00;77.1352212222443
06/25/2017;23:00:00;77.137011288432
06/26/2017;00:00:00;76.958303273823
06/26/2017;01:00:00;77.3708675528089
06/26/2017;02:00:00;76.6975571742034
06/26/2017;03:00:00;76.7923727564699
06/26/2017;04:00:00;77.0757225101965
06/26/2017;05:00:00;76.8829658868575
06/26/2017;06:00:00;77.0700218430519
06/26/2017;07:00:00;76.6451538148107
06/26/2017;08:00:00;76.9320992219637
06/26/2017;09:00:00;76.8537372610947
06/26/2017;10:00:00;76.9354609392506
06/26/2017;11:00:00;76.4283923952972
06/26/2017;12:00:00;76.8232156252592
06/26/2017;13:00:00;76.435704698002
06/26/2017;14:00:00;76.1537026380808
06/26/2017;15:00:00;76.959173357397
06/26/2017;16:00:00;76.9447246111892
06/26/2017;17:00:00;76.9732765385779
06/26/2017;18:00:00;76.9615634635367
06/26/2017;19:00:00;76.99850997633
06/26/2017;20:00:00;77.0464204497261
06/26/2017;21:00:00;77.7653236788214
06/26/2017;22:00:00;76.6478456098232
06/26/2017;23:00:00;76.5249257197368
06/27/2017;00:00:00;76.8721556768906
06/27/2017;01:00:00;76.6656105494351
06/27/2017;02:00:00;77.1751834958468
06/27/2017;03:00:00;76.2626183542399
06/27/2017;04:00:00;76.8144949582199
06/27/2017;05:00:00;76.6023757626906
06/27/2017;06:00:00;76.9143456679374
06/27/2017;07:00:00;77.7097546983935
06/27/2017;08:00:00;75.7298070848506
06/27/2017;09:00:00;75.9421195834855
06/27/2017;10:00:00;75.7938545844806
06/27/2017;11:00:00;75.2715675374066
06/27/2017;12:00:00;76.2061823338989
06/27/2017;13:00:00;76.9349029955415
06/27/2017;14:00:00;76.8489816453602
06/27/2017;15:00:00;77.1383288998164
06/27/2017;16:00:00;77.2957036406623
06/27/2017;17:00:00;77.3955756694307
06/27/2017;18:00:00;77.9136309032231
06/27/2017;19:00:00;77.8203875495232
06/27/2017;20:00:00;77.3559010662292
06/27/2017;21:00:00;76.9828131779376
06/27/2017;22:00:00;77.4032578692725
06/27/2017;23:00:00;76.9497492331688
06/28/2017;00:00:00;77.2322413445645
06/28/2017;01:00:00;77.354293908647
06/28/2017;02:00:00;77.2965169269588
06/28/2017;03:00:00;77.1504719840453
06/28/2017;04:00:00;77.1546555699632
06/28/2017;05:00:00;77.2988950085626
06/28/2017;06:00:00;77.6321498178001
06/28/2017;07:00:00;77.6145835906254
06/28/2017;08:00:00;77.4587413286026
06/28/2017;09:00:00;77.535433517967
06/28/2017;10:00:00;77.1920199875478
06/28/2017;11:00:00;77.4959045295498
06/28/2017;12:00:00;76.6465929192506
06/28/2017;13:00:00;76.7573363229214
06/28/2017;14:00:00;76.7335275457277
06/28/2017;15:00:00;77.0422607891074
06/28/2017;16:00:00;77.5904695625991
06/28/2017;17:00:00;76.8031082417036
06/28/2017;18:00:00;76.5832212074694
06/28/2017;19:00:00;76.7540609899842
06/28/2017;20:00:00;76.7573498109436
06/28/2017;21:00:00;76.6966906991174
06/28/2017;22:00:00;76.5073590600684
06/28/2017;23:00:00;76.1703840509778
06/29/2017;00:00:00;75.6046120094986
06/29/2017;01:00:00;75.7249808872778
06/29/2017;02:00:00;76.2661463035323
06/29/2017;03:00:00;76.4823432684448
06/29/2017;04:00:00;76.5184875032316
06/29/2017;05:00:00;76.9399937477435
06/29/2017;06:00:00;77.0202927904493
06/29/2017;07:00:00;74.6077305027648
06/29/2017;08:00:00;77.2770668462106
06/29/2017;09:00:00;77.4446745358677
06/29/2017;10:00:00;77.0449168124928
06/29/2017;11:00:00;77.2514228058465
06/29/2017;12:00:00;76.9377171147351
06/29/2017;13:00:00;77.5357204916967
06/29/2017;14:00:00;76.5650650386663
06/29/2017;15:00:00;77.2508642503265
06/29/2017;16:00:00;77.2229919558122
06/29/2017;17:00:00;77.1826030178349
06/29/2017;18:00:00;77.093960779218
06/29/2017;19:00:00;77.0107184793436
06/29/2017;20:00:00;77.1754452740835
06/29/2017;21:00:00;77.0213193277014
06/29/2017;22:00:00;76.9777253727795
06/29/2017;23:00:00;77.0113699131292
06/30/2017;00:00:00;76.7983240956915
06/30/2017;01:00:00;76.6698903815096
06/30/2017;02:00:00;76.6977208667584
06/30/2017;03:00:00;76.8207741424278
06/30/2017;04:00:00;76.6651601389296
06/30/2017;05:00:00;76.6600274217719
06/30/2017;06:00:00;76.580986103643
06/30/2017;07:00:00;76.453798509397
06/30/2017;08:00:00;76.2655716067672
06/30/2017;09:00:00;76.1412801325042
06/30/2017;10:00:00;76.4317800482232
06/30/2017;11:00:00;76.7044349138943
06/30/2017;12:00:00;77.0139100839912
06/30/2017;13:00:00;76.5721591911163
06/30/2017;14:00:00;76.7257506325877
06/30/2017;15:00:00;76.3638055766712
06/30/2017;16:00:00;76.8963298355264
06/30/2017;17:00:00;77.8419159483989
06/30/2017;18:00:00;77.2604373470829
06/30/2017;19:00:00;76.9432049065713
06/30/2017;20:00:00;77.5250083492767
06/30/2017;21:00:00;76.7390617761672
06/30/2017;22:00:00;76.185440972246
06/30/2017;23:00:00;76.2157925041432
07/01/2017;00:00:00;76.2224798998739
07/01/2017;01:00:00;77.5195284067496
07/01/2017;02:00:00;76.9788019865711
07/01/2017;03:00:00;76.6984085667921
07/01/2017;04:00:00;76.8648336724807
07/01/2017;05:00:00;76.7370472630647
07/01/2017;06:00:00;76.8963183137948
07/01/2017;07:00:00;76.9876523958151
07/01/2017;08:00:00;76.8952824754174
07/01/2017;09:00:00;77.2319863007493
07/01/2017;10:00:00;77.1918601470613
07/01/2017;11:00:00;76.960463781036
07/01/2017;12:00:00;77.1335256948259
07/01/2017;13:00:00;77.1286748981107
07/01/2017;14:00:00;77.2944358102588
07/01/2017;15:00:00;77.371073719326
07/01/2017;16:00:00;76.8276492387334
07/01/2017;17:00:00;77.267358567685
07/01/2017;18:00:00;78.024731140577
07/01/2017;19:00:00;78.0787308838782
07/01/2017;20:00:00;77.5667645072943
07/01/2017;21:00:00;76.7152540338428
07/01/2017;22:00:00;76.9558057649006
07/01/2017;23:00:00;76.995032809794
07/02/2017;00:00:00;76.560017981882
07/02/2017;01:00:00;76.9604040509513
07/02/2017;02:00:00;77.1683259344623
07/02/2017;03:00:00;76.7570328785611
07/02/2017;04:00:00;76.9752815462197
07/02/2017;05:00:00;76.8379097616372
07/02/2017;06:00:00;77.1463661408249
07/02/2017;07:00:00;76.8282718449389
07/02/2017;08:00:00;77.0495948977803
07/02/2017;09:00:00;76.9528062994828
07/02/2017;10:00:00;77.044061240186
07/02/2017;11:00:00;77.4505943763789
07/02/2017;12:00:00;77.1650629719949
07/02/2017;13:00:00;77.0031518725698
07/02/2017;14:00:00;77.1428488642222
07/02/2017;15:00:00;77.0589893326742
07/02/2017;16:00:00;77.3993069987154
07/02/2017;17:00:00;76.929677317256
07/02/2017;18:00:00;77.241129000616
07/02/2017;19:00:00;77.1497918098788
07/02/2017;20:00:00;77.3703690700232
07/02/2017;21:00:00;76.836017942158
07/02/2017;22:00:00;77.0007106087969
07/02/2017;23:00:00;77.1540270964692
07/03/2017;00:00:00;77.2341105995611
07/03/2017;01:00:00;77.1751173237701
07/03/2017;02:00:00;77.0746299765284
07/03/2017;03:00:00;77.1378852466127
07/03/2017;04:00:00;77.2420935015598
07/03/2017;05:00:00;77.116864602306
07/03/2017;06:00:00;77.0872630811841
07/03/2017;07:00:00;77.1035514046077
07/03/2017;08:00:00;76.9988736098592
07/03/2017;09:00:00;77.2997064018108
07/03/2017;10:00:00;77.1050151080887
07/03/2017;11:00:00;77.2292508608935
07/03/2017;12:00:00;76.310073522052
07/03/2017;13:00:00;74.909322517853
07/03/2017;14:00:00;77.4814746854841
07/03/2017;15:00:00;77.0650801595032
07/03/2017;16:00:00;77.0657154172738
07/03/2017;17:00:00;77.1397217520411
07/03/2017;18:00:00;77.171581717955
07/03/2017;19:00:00;77.1627580923911
07/03/2017;20:00:00;77.3741674695158
07/03/2017;21:00:00;76.6069908508469
07/03/2017;22:00:00;76.6897787477753
07/03/2017;23:00:00;76.8195868969021
07/04/2017;00:00:00;76.8179504975255
07/04/2017;01:00:00;76.9763134001573
07/04/2017;02:00:00;76.9337575313191
07/04/2017;03:00:00;76.948110476382
07/04/2017;04:00:00;77.2193155061779
07/04/2017;05:00:00;76.9529499310161
07/04/2017;06:00:00;77.086752386312
07/04/2017;07:00:00;77.0831274271969
07/04/2017;08:00:00;77.0832878371975
07/04/2017;09:00:00;77.4264000524521
07/04/2017;10:00:00;77.0753961012542
07/04/2017;11:00:00;76.7871151745347
07/04/2017;12:00:00;77.1120632399687
07/04/2017;13:00:00;76.3599396303185
07/04/2017;14:00:00;76.8935134314339
07/04/2017;15:00:00;76.8993071747641
07/04/2017;16:00:00;76.6977366341966
07/04/2017;17:00:00;76.6772083273711
07/04/2017;18:00:00;76.9560567211227
07/04/2017;19:00:00;76.7432277600729
07/04/2017;20:00:00;76.9393092768716
07/04/2017;21:00:00;76.6926796183047
07/04/2017;22:00:00;76.9496156571338
07/04/2017;23:00:00;76.9483300819826
07/05/2017;00:00:00;76.6332784342105
07/05/2017;01:00:00;76.662947748903
07/05/2017;02:00:00;76.7365648216861
07/05/2017;03:00:00;76.7252604493611
07/05/2017;04:00:00;76.6802481088223
07/05/2017;05:00:00;76.5815955502268
07/05/2017;06:00:00;76.6227494693596
07/05/2017;07:00:00;76.4878688006068
07/05/2017;08:00:00;76.8010173437098
07/05/2017;09:00:00;76.9349643599808
07/05/2017;10:00:00;76.586156148151
07/05/2017;11:00:00;75.7661796025675
07/05/2017;12:00:00;76.7136219288345
07/05/2017;13:00:00;76.6906122951673
07/05/2017;14:00:00;77.2319448863301
07/05/2017;15:00:00;76.8624654757577
07/05/2017;16:00:00;77.2200430182399
07/05/2017;17:00:00;77.663556584607
07/05/2017;18:00:00;77.4197259450631
07/05/2017;19:00:00;77.5692736061026
07/05/2017;20:00:00;77.7338195042276
07/05/2017;21:00:00;77.9959044486733
07/05/2017;22:00:00;78.0272717021623
07/05/2017;23:00:00;77.7618759000449
07/06/2017;00:00:00;77.6481168220731
07/06/2017;01:00:00;77.4867055626632
07/06/2017;02:00:00;77.8401019148894
07/06/2017;03:00:00;77.1049783959392
07/06/2017;04:00:00;77.7542292948338
07/06/2017;05:00:00;77.8225637334718
07/06/2017;06:00:00;77.4459812277482
07/06/2017;07:00:00;77.6968695689997
07/06/2017;08:00:00;77.8035725366456
07/06/2017;09:00:00;77.6206734848396
07/06/2017;10:00:00;77.8399633477369
07/06/2017;11:00:00;78.1361741336912
07/06/2017;12:00:00;78.8811897959837
07/06/2017;13:00:00;78.6164410943334
07/06/2017;14:00:00;77.6060265216546
07/06/2017;15:00:00;78.4878331696675
07/06/2017;16:00:00;78.3987879614984
07/06/2017;17:00:00;78.4007289386189
07/06/2017;18:00:00;78.3993525428394
07/06/2017;19:00:00;78.6150035346952
07/06/2017;20:00:00;78.8208460089824
07/06/2017;21:00:00;78.6332725171106
07/06/2017;22:00:00;78.9938543248322
07/06/2017;23:00:00;78.6272627767599
07/07/2017;00:00:00;78.4744093090342
07/07/2017;01:00:00;78.5015008178854
07/07/2017;02:00:00;78.6433001399051
07/07/2017;03:00:00;78.6169252969064
07/07/2017;04:00:00;78.575082525029
07/07/2017;05:00:00;78.3855848754414
07/07/2017;06:00:00;78.7284251037489
07/07/2017;07:00:00;78.3168574240525
07/07/2017;08:00:00;78.4598370883055
07/07/2017;09:00:00;78.7889324982082
07/07/2017;10:00:00;77.5408087212029
07/07/2017;11:00:00;79.0691731349777
07/07/2017;12:00:00;78.469342357855
07/07/2017;13:00:00;78.4799129551518
07/07/2017;14:00:00;78.6506203347621
07/07/2017;15:00:00;78.4716788087034
07/07/2017;16:00:00;78.5918950551944
07/07/2017;17:00:00;78.4462320780588
07/07/2017;18:00:00;78.6485349944418
07/07/2017;19:00:00;79.1955618966197
07/07/2017;20:00:00;78.8122978295132
07/07/2017;21:00:00;78.8539220513475
07/07/2017;22:00:00;78.8171724386314
07/07/2017;23:00:00;78.5251575294831
07/08/2017;00:00:00;79.0919551398381
07/08/2017;01:00:00;78.9094483654407
07/08/2017;02:00:00;78.5303240868454
07/08/2017;03:00:00;78.7918016424336
07/08/2017;04:00:00;78.8357793689512
07/08/2017;05:00:00;78.8655578766897
07/08/2017;06:00:00;78.8772132613796
07/08/2017;07:00:00;79.0312902746645
07/08/2017;08:00:00;78.6377735070619
07/08/2017;09:00:00;78.8907225920454
07/08/2017;10:00:00;79.3725173813454
07/08/2017;11:00:00;79.0763736671656
07/08/2017;12:00:00;78.8386287084337
07/08/2017;13:00:00;79.245461928909
07/08/2017;14:00:00;78.9238415650966
07/08/2017;15:00:00;78.7925641603334
07/08/2017;16:00:00;79.0390844062482
07/08/2017;17:00:00;79.224250415942
07/08/2017;18:00:00;78.6860293742792
07/08/2017;19:00:00;78.669401179913
07/08/2017;20:00:00;78.7364578825711
07/08/2017;21:00:00;78.8303044962617
07/08/2017;22:00:00;78.6198482769704
07/08/2017;23:00:00;78.7248179865628
07/09/2017;00:00:00;78.7782714979113
07/09/2017;01:00:00;78.6746508739569
07/09/2017;02:00:00;78.6721854906386
07/09/2017;03:00:00;78.6644234240696
07/09/2017;04:00:00;78.6905770348058
07/09/2017;05:00:00;78.4526504444235
07/09/2017;06:00:00;78.6626271256625
07/09/2017;07:00:00;78.6580447077846
07/09/2017;08:00:00;78.3687618400301
07/09/2017;09:00:00;77.6501670315993
07/09/2017;10:00:00;77.4312739302623
07/09/2017;11:00:00;77.414594737827
07/09/2017;12:00:00;77.8417406001621
07/09/2017;13:00:00;79.5926771041047
07/09/2017;14:00:00;82.116241653819
07/09/2017;15:00:00;82.6367498737875
07/09/2017;16:00:00;83.3540651874145
07/09/2017;17:00:00;83.4171638078859
07/09/2017;18:00:00;83.4841589012003
07/09/2017;19:00:00;83.2972730509604
07/09/2017;20:00:00;83.540937933993
07/09/2017;21:00:00;82.7717089484241
07/09/2017;22:00:00;83.0577650258395
07/09/2017;23:00:00;83.3817431703282
07/10/2017;00:00:00;83.5187226976136
07/10/2017;01:00:00;83.1449943571177
07/10/2017;02:00:00;83.1578509631538
07/10/2017;03:00:00;83.178115502968
07/10/2017;04:00:00;83.0464490001771
07/10/2017;05:00:00;83.2023365245385
07/10/2017;06:00:00;83.3399505613798
07/10/2017;07:00:00;83.2653254168874
07/10/2017;08:00:00;83.3581835962965
07/10/2017;09:00:00;83.2088277579427
07/10/2017;10:00:00;82.9110795728425
07/10/2017;11:00:00;82.2110095624597
07/10/2017;12:00:00;82.1807954488773
07/10/2017;13:00:00;81.8121976573415
07/10/2017;14:00:00;81.6692806885937
07/10/2017;15:00:00;81.9707245007818
07/10/2017;16:00:00;81.4927379139965
07/10/2017;17:00:00;81.547938656605
07/10/2017;18:00:00;81.6525581000117
07/10/2017;19:00:00;81.954767422595
07/10/2017;20:00:00;81.437786827021
07/10/2017;21:00:00;81.6333889502557
07/10/2017;22:00:00;81.5336865347099
07/10/2017;23:00:00;81.8676027820698
07/11/2017;00:00:00;81.4432642123627
07/11/2017;01:00:00;81.6299470636788
07/11/2017;02:00:00;81.7111829633261
07/11/2017;03:00:00;81.6500877377171
07/11/2017;04:00:00;81.7036664253208
07/11/2017;05:00:00;81.5969963272239
07/11/2017;06:00:00;81.6694356172013
07/11/2017;07:00:00;81.8480747843509
07/11/2017;08:00:00;82.1026761215098
07/11/2017;09:00:00;81.7035186829738
07/11/2017;10:00:00;81.3933099173366
07/11/2017;11:00:00;81.7004717739108
07/11/2017;12:00:00;81.7389651198435
07/11/2017;13:00:00;81.7908368629645
07/11/2017;14:00:00;81.3495291779952
07/11/2017;15:00:00;81.6427855092574
07/11/2017;16:00:00;81.7602158034509
07/11/2017;17:00:00;81.571267452604
07/11/2017;18:00:00;81.5128817849427
07/11/2017;19:00:00;81.9873126419959
07/11/2017;20:00:00;81.64577340464
07/11/2017;21:00:00;81.7661887171908
07/11/2017;22:00:00;81.4877369153216
07/11/2017;23:00:00;82.0119674173638
07/12/2017;00:00:00;81.7343847327683
07/12/2017;01:00:00;82.131411562508
07/12/2017;02:00:00;81.6222909612853
07/12/2017;03:00:00;81.6259235077778
07/12/2017;04:00:00;81.8850693779021
07/12/2017;05:00:00;81.8061554862293
07/12/2017;06:00:00;81.7981013963799
07/12/2017;07:00:00;81.9649524475321
07/12/2017;08:00:00;81.5014402663093
07/12/2017;09:00:00;81.7513166046
07/12/2017;10:00:00;82.2039900298779
07/12/2017;11:00:00;81.7842760583093
07/12/2017;12:00:00;81.9091086632794
07/12/2017;13:00:00;81.8589039805195
07/12/2017;14:00:00;81.9234185488806
07/12/2017;15:00:00;81.8719656222676
07/12/2017;16:00:00;81.7449089123495
07/12/2017;17:00:00;81.6579465666666
07/12/2017;18:00:00;81.5891348173012
07/12/2017;19:00:00;81.7867767677157
07/12/2017;20:00:00;81.5987388070055
07/12/2017;21:00:00;81.8179767298802
07/12/2017;22:00:00;81.471365331079
07/12/2017;23:00:00;81.4457880413969
07/13/2017;00:00:00;81.755617040777
07/13/2017;01:00:00;81.4959595711213
07/13/2017;02:00:00;81.4614166273166
07/13/2017;03:00:00;81.4172512122529
07/13/2017;04:00:00;81.3234506261205
07/13/2017;05:00:00;81.0892617049468
07/13/2017;06:00:00;81.6779022913005
07/13/2017;07:00:00;81.3013711977074
07/13/2017;08:00:00;81.4706985921695
07/13/2017;09:00:00;81.0822472325981
07/13/2017;10:00:00;80.9583866956045
07/13/2017;11:00:00;81.2119178060019
07/13/2017;12:00:00;81.531642421347
07/13/2017;13:00:00;81.461205259322
07/13/2017;14:00:00;81.5525502328191
07/13/2017;15:00:00;81.5968084499008
07/13/2017;16:00:00;81.8434025312593
07/13/2017;17:00:00;81.8975721344707
07/13/2017;18:00:00;82.2028280601829
07/13/2017;19:00:00;82.1715738489097
07/13/2017;20:00:00;82.120600963753
07/13/2017;21:00:00;82.1769866972805
07/13/2017;22:00:00;82.0368607779782
07/13/2017;23:00:00;81.9656265499435
07/14/2017;00:00:00;81.7340020845312
07/14/2017;01:00:00;81.9563582843781
07/14/2017;02:00:00;81.6518156129096
07/14/2017;03:00:00;81.6196592123545
07/14/2017;04:00:00;81.5589278558971
07/14/2017;05:00:00;81.5247442162578
07/14/2017;06:00:00;81.3620743350796
07/14/2017;07:00:00;81.4294354678103
07/14/2017;08:00:00;81.2751560015686
07/14/2017;09:00:00;79.5169381939134
07/14/2017;10:00:00;75.8492769552148
07/14/2017;11:00:00;74.2630042724054
07/14/2017;12:00:00;73.7904351218892
07/14/2017;13:00:00;76.1308894517383
07/14/2017;14:00:00;76.5903204031757
07/14/2017;15:00:00;76.2299488722037
07/14/2017;16:00:00;75.0666279576911
07/14/2017;17:00:00;74.8816741081785
07/14/2017;18:00:00;74.8723299276013
07/14/2017;19:00:00;74.9278611425009
07/14/2017;20:00:00;74.9079536912842
07/14/2017;21:00:00;74.6203132304479
07/14/2017;22:00:00;74.707213974003
07/14/2017;23:00:00;74.928275458922
07/15/2017;00:00:00;74.58766265686
07/15/2017;01:00:00;74.7768361233491
07/15/2017;02:00:00;74.6392213874972
07/15/2017;03:00:00;74.6856719960662
07/15/2017;04:00:00;74.7106043331637
07/15/2017;05:00:00;74.5632863311748
07/15/2017;06:00:00;74.5570183052347
07/15/2017;07:00:00;74.6094703211859
07/15/2017;08:00:00;74.6662870447286
07/15/2017;09:00:00;74.6182080890928
07/15/2017;10:00:00;73.8089929116827
07/15/2017;11:00:00;73.4264819428548
07/15/2017;12:00:00;72.9554591014327
07/15/2017;13:00:00;72.1534053624271
07/15/2017;14:00:00;72.2069271474579
07/15/2017;15:00:00;72.3057191450657
07/15/2017;16:00:00;72.3085736096202
07/15/2017;17:00:00;72.1771633974949
07/15/2017;18:00:00;72.1286026863691
07/15/2017;19:00:00;72.1814472670476
07/15/2017;20:00:00;72.3415048068287
07/15/2017;21:00:00;72.2305731475982
07/15/2017;22:00:00;72.5098416046832
07/15/2017;23:00:00;72.9090272526693
07/16/2017;00:00:00;73.2114973803629
07/16/2017;01:00:00;73.4507384688307
07/16/2017;02:00:00;73.7320485016854
07/16/2017;03:00:00;73.7823634094799
07/16/2017;04:00:00;73.5444202443833
07/16/2017;05:00:00;73.4271388786385
07/16/2017;06:00:00;73.287365214505
07/16/2017;07:00:00;73.4579792642826
07/16/2017;08:00:00;73.5707561636798
07/16/2017;09:00:00;73.7457450521575
07/16/2017;10:00:00;74.0215516464961
07/16/2017;11:00:00;73.9309728392397
07/16/2017;12:00:00;73.4896075332136
07/16/2017;13:00:00;73.7332922524314
07/16/2017;14:00:00;73.7926104971285
07/16/2017;15:00:00;73.9653261957176
07/16/2017;16:00:00;73.811558158061
07/16/2017;17:00:00;73.8346402786026
07/16/2017;18:00:00;73.9675611911932
07/16/2017;19:00:00;73.5912232275351
07/16/2017;20:00:00;73.7609806931328
07/16/2017;21:00:00;73.4968841856451
07/16/2017;22:00:00;73.4594982034468
07/16/2017;23:00:00;73.4397688822933
07/17/2017;00:00:00;73.3731921637921
07/17/2017;01:00:00;73.3685608345433
07/17/2017;02:00:00;73.4140543359124
07/17/2017;03:00:00;73.3566112658964
07/17/2017;04:00:00;73.1446888659757
07/17/2017;05:00:00;73.333624678695
07/17/2017;06:00:00;73.2942414845803
07/17/2017;07:00:00;73.417405741148
07/17/2017;08:00:00;73.469177247268
07/17/2017;09:00:00;72.786000912972
07/17/2017;10:00:00;72.8211124995023
07/17/2017;11:00:00;73.0683500487797
07/17/2017;12:00:00;73.4171744030664
07/17/2017;13:00:00;73.1387866902962
07/17/2017;14:00:00;72.9430149352558
07/17/2017;15:00:00;72.644545255726
07/17/2017;16:00:00;72.7676211133087
07/17/2017;17:00:00;72.8898996585259
07/17/2017;18:00:00;72.857686340842
07/17/2017;19:00:00;72.8054082535037
07/17/2017;20:00:00;72.5655586588788
07/17/2017;21:00:00;72.4925319484918
07/17/2017;22:00:00;72.6008547861429
07/17/2017;23:00:00;72.4644785889194
07/18/2017;00:00:00;72.3625122459442
07/18/2017;01:00:00;72.4787242403012
07/18/2017;02:00:00;72.50043537102
07/18/2017;03:00:00;72.5615303182004
07/18/2017;04:00:00;72.5368279586078
07/18/2017;05:00:00;72.3857572680766
07/18/2017;06:00:00;72.4401720314232
07/18/2017;07:00:00;72.5215586756005
07/18/2017;08:00:00;72.3732516845075
07/18/2017;09:00:00;72.4423854958249
07/18/2017;10:00:00;72.3769018200555
07/18/2017;11:00:00;72.3858523272425
07/18/2017;12:00:00;72.3104097375793
07/18/2017;13:00:00;72.2587785408791
07/18/2017;14:00:00;72.2475833103675
07/18/2017;15:00:00;72.149257927284
07/18/2017;16:00:00;72.3053288840974
07/18/2017;17:00:00;72.2396776407076
07/18/2017;18:00:00;72.4423295390979
07/18/2017;19:00:00;72.3347289558316
07/18/2017;20:00:00;72.2794614351866
07/18/2017;21:00:00;72.4321816842139
07/18/2017;22:00:00;72.3073535585027
07/18/2017;23:00:00;72.2712239985829
07/19/2017;00:00:00;72.3732740043221
07/19/2017;01:00:00;72.18464134344
07/19/2017;02:00:00;72.3209304758448
07/19/2017;03:00:00;72.3320902203585
07/19/2017;04:00:00;72.1566266914659
07/19/2017;05:00:00;72.2838780969245
07/19/2017;06:00:00;72.3934453352799
07/19/2017;07:00:00;72.4490654553152
07/19/2017;08:00:00;72.3653833695278
07/19/2017;09:00:00;72.436356560138
07/19/2017;10:00:00;72.8055489268136
07/19/2017;11:00:00;72.7678659570462
07/19/2017;12:00:00;72.7254164421795
07/19/2017;13:00:00;72.5791176377882
07/19/2017;14:00:00;72.5016559027413
07/19/2017;15:00:00;73.0212347978243
07/19/2017;16:00:00;72.6273970215123
07/19/2017;17:00:00;72.6281002049245
07/19/2017;18:00:00;72.8076047243324
07/19/2017;19:00:00;72.4216817351613
07/19/2017;20:00:00;72.6480694051663
07/19/2017;21:00:00;72.6198135110571
07/19/2017;22:00:00;72.7713599588377
07/19/2017;23:00:00;72.7336563489204
07/20/2017;00:00:00;72.5884056504789
07/20/2017;01:00:00;73.3223611758046
07/20/2017;02:00:00;72.539907840341
07/20/2017;03:00:00;72.5953158366865
07/20/2017;04:00:00;72.6609175492973
07/20/2017;05:00:00;72.558726662906
07/20/2017;06:00:00;72.6364756357476
07/20/2017;07:00:00;72.9646772501225
07/20/2017;08:00:00;72.6998830173811
07/20/2017;09:00:00;72.4496057106163
07/20/2017;10:00:00;72.5001295700174
07/20/2017;11:00:00;72.5760451707966
07/20/2017;12:00:00;72.7851428140194
07/20/2017;13:00:00;72.8084273650086
07/20/2017;14:00:00;73.280039168941
07/20/2017;15:00:00;72.0288384499059
07/20/2017;16:00:00;72.085628572483
07/20/2017;17:00:00;72.6203892338343
07/20/2017;18:00:00;72.3248653955198
07/20/2017;19:00:00;72.4428393664795
07/20/2017;20:00:00;72.7485814088373
07/20/2017;21:00:00;73.6658744678177
07/20/2017;22:00:00;73.1746072198246
07/20/2017;23:00:00;72.8459527573347
07/21/2017;00:00:00;72.674725026687
07/21/2017;01:00:00;72.6668819747511
07/21/2017;02:00:00;72.3241681753598
07/21/2017;03:00:00;72.3030939084511
07/21/2017;04:00:00;72.5309113022677
07/21/2017;05:00:00;72.3890065992941
07/21/2017;06:00:00;73.1667158077177
07/21/2017;07:00:00;74.5486720565463
07/21/2017;08:00:00;74.7172697744336
07/21/2017;09:00:00;74.8965592698149
07/21/2017;10:00:00;74.7702385876501
07/21/2017;11:00:00;74.4636376759177
07/21/2017;12:00:00;74.3447002963312
07/21/2017;13:00:00;74.5227490221879
07/21/2017;14:00:00;74.1222396323739
07/21/2017;15:00:00;74.5985290358163
07/21/2017;16:00:00;74.3791916836277
07/21/2017;17:00:00;74.2492242757332
07/21/2017;18:00:00;74.7546897553658
07/21/2017;19:00:00;74.471182276199
07/21/2017;20:00:00;74.6690151474915
07/21/2017;21:00:00;75.507296389358
07/21/2017;22:00:00;75.1246673144519
07/21/2017;23:00:00;74.7240101136314
07/22/2017;00:00:00;74.4252607685723
07/22/2017;01:00:00;74.2294763428901
07/22/2017;02:00:00;73.6655935511937
07/22/2017;03:00:00;74.2176815746746
07/22/2017;04:00:00;74.2700942000866
07/22/2017;05:00:00;74.6452628199123
07/22/2017;06:00:00;75.2617025484745
07/22/2017;07:00:00;74.8671793075018
07/22/2017;08:00:00;75.2664006696434
07/22/2017;09:00:00;74.8866066762145
07/22/2017;10:00:00;74.641848596231
07/22/2017;11:00:00;74.75074694281
07/22/2017;12:00:00;74.9203124497081
07/22/2017;13:00:00;74.4942702443522
07/22/2017;14:00:00;74.8745929734013
07/22/2017;15:00:00;75.1683295135942
07/22/2017;16:00:00;75.353923266496
07/22/2017;17:00:00;75.0629536459452
07/22/2017;18:00:00;75.1643872970123
07/22/2017;19:00:00;75.1906390808753
07/22/2017;20:00:00;75.0865293370044
07/22/2017;21:00:00;75.1303273568519
07/22/2017;22:00:00;75.25919474252
07/22/2017;23:00:00;75.6110767466134
07/23/2017;00:00:00;75.6820697880998
07/23/2017;01:00:00;75.9031270046055
07/23/2017;02:00:00;76.0609594696693
07/23/2017;03:00:00;76.1456291195695
07/23/2017;04:00:00;76.1065458706163
07/23/2017;05:00:00;76.3078222528536
07/23/2017;06:00:00;76.5612789145317
07/23/2017;07:00:00;76.4561936317431
07/23/2017;08:00:00;76.2989654494974
07/23/2017;09:00:00;76.3529372084281
07/23/2017;10:00:00;76.1216169311626
07/23/2017;11:00:00;76.0740630338661
07/23/2017;12:00:00;76.0847523626536
07/23/2017;13:00:00;76.3842193115334
07/23/2017;14:00:00;75.7988089430015
07/23/2017;15:00:00;76.4703197059287
07/23/2017;16:00:00;75.9814747046133
07/23/2017;17:00:00;75.7625405877272
07/23/2017;18:00:00;75.4092324686087
07/23/2017;19:00:00;75.5096269024345
07/23/2017;20:00:00;75.461508989068
07/23/2017;21:00:00;75.9326039149174
07/23/2017;22:00:00;75.6431346551723
07/23/2017;23:00:00;75.9851615393826
07/24/2017;00:00:00;75.5540023147946
07/24/2017;01:00:00;75.8144501957903
07/24/2017;02:00:00;75.6159185342136
07/24/2017;03:00:00;76.2679104522974
07/24/2017;04:00:00;75.0551221297479
07/24/2017;05:00:00;76.06417597755
07/24/2017;06:00:00;75.9503080232444
07/24/2017;07:00:00;75.3690222195142
07/24/2017;08:00:00;75.210408758124
07/24/2017;09:00:00;73.5341934873106
07/24/2017;10:00:00;73.7270540823854
07/24/2017;11:00:00;73.8441133455543
07/24/2017;12:00:00;73.6937945204553
07/24/2017;13:00:00;73.9439873088653
07/24/2017;14:00:00;73.8828498134733
07/24/2017;15:00:00;73.8471966143114
07/24/2017;16:00:00;73.8786346479503
07/24/2017;17:00:00;73.9717400695349
07/24/2017;18:00:00;73.8968632659077
07/24/2017;19:00:00;73.8693992337297
07/24/2017;20:00:00;73.7669738170484
07/24/2017;21:00:00;73.864724584171
07/24/2017;22:00:00;73.6450860568154
07/24/2017;23:00:00;73.827605941763
07/25/2017;00:00:00;73.6882011475586
07/25/2017;01:00:00;73.645849289971
07/25/2017;02:00:00;73.5777108801804
07/25/2017;03:00:00;73.4760106161459
07/25/2017;04:00:00;73.5166119509208
07/25/2017;05:00:00;73.3278024619331
07/25/2017;06:00:00;73.3764006050114
07/25/2017;07:00:00;73.4450991956779
07/25/2017;08:00:00;73.576916524438
07/25/2017;09:00:00;73.5220315756243
07/25/2017;10:00:00;73.4430971660555
07/25/2017;11:00:00;73.2547262110172
07/25/2017;12:00:00;73.1324682578968
07/25/2017;13:00:00;73.7420526094337
07/25/2017;14:00:00;72.9355940417576
07/25/2017;15:00:00;73.0405795075166
07/25/2017;16:00:00;73.2373379051773
07/25/2017;17:00:00;72.7950125973818
07/25/2017;18:00:00;72.8654976222719
07/25/2017;19:00:00;72.8266430432846
07/25/2017;20:00:00;72.9471354177502
07/25/2017;21:00:00;72.7530814083507
07/25/2017;22:00:00;72.8317431910747
07/25/2017;23:00:00;72.8881253093815
07/26/2017;00:00:00;72.7163601100689
07/26/2017;01:00:00;72.8279335949439
07/26/2017;02:00:00;72.8098288175456
07/26/2017;03:00:00;72.6945105430411
07/26/2017;04:00:00;72.7061772084897
07/26/2017;05:00:00;72.7367922596201
07/26/2017;06:00:00;72.6717677415439
07/26/2017;07:00:00;72.7269055628541
07/26/2017;08:00:00;72.7015973825772
07/26/2017;09:00:00;72.7862871211149
07/26/2017;10:00:00;72.8182201503372
07/26/2017;11:00:00;72.7155635262416
07/26/2017;12:00:00;72.9269326053425
07/26/2017;13:00:00;73.1361788017953
07/26/2017;14:00:00;72.974811281639
07/26/2017;15:00:00;72.9899640750933
07/26/2017;16:00:00;73.0387358228198
07/26/2017;17:00:00;72.9534699885728
07/26/2017;18:00:00;72.9488293033215
07/26/2017;19:00:00;72.7952403689829
07/26/2017;20:00:00;72.8270948904536
07/26/2017;21:00:00;72.941344791639
07/26/2017;22:00:00;72.8484117072943
07/26/2017;23:00:00;72.8445235293757
07/27/2017;00:00:00;72.5092191897214
07/27/2017;01:00:00;72.416101145693
07/27/2017;02:00:00;72.3022346327504
07/27/2017;03:00:00;72.0951406731918
07/27/2017;04:00:00;72.1529340601942
07/27/2017;05:00:00;72.1815736038059
07/27/2017;06:00:00;72.1610554709457
07/27/2017;07:00:00;72.2097147359069
07/27/2017;08:00:00;69.2205716788136
07/27/2017;09:00:00;72.5629814504195
07/27/2017;10:00:00;72.4399325965674
07/27/2017;11:00:00;72.1505453068939
07/27/2017;12:00:00;72.2099454786582
07/27/2017;13:00:00;72.1087089192612
07/27/2017;14:00:00;72.1616914148251
07/27/2017;15:00:00;72.4417712171767
07/27/2017;16:00:00;72.9418190961414
07/27/2017;17:00:00;72.8188517992095
07/27/2017;18:00:00;72.7862015953339
07/27/2017;19:00:00;72.874640752845
07/27/2017;20:00:00;73.3931649738804
07/27/2017;21:00:00;72.9856876105022
07/27/2017;22:00:00;72.585137203217
07/27/2017;23:00:00;73.1255234538484
07/28/2017;00:00:00;72.4119917235556
07/28/2017;01:00:00;72.6899735418764
07/28/2017;02:00:00;72.7572990360994
07/28/2017;03:00:00;72.7157547859983
07/28/2017;04:00:00;72.6650230901739
07/28/2017;05:00:00;72.714620363753
07/28/2017;06:00:00;72.7217909750455
07/28/2017;07:00:00;72.7044854112154
07/28/2017;08:00:00;72.7404853333192
07/28/2017;09:00:00;73.4821163213818
07/28/2017;10:00:00;72.8054520056652
07/28/2017;11:00:00;72.3227039825124
07/28/2017;12:00:00;72.6493373928808
07/28/2017;13:00:00;72.7639663762834
07/28/2017;14:00:00;72.2706721340109
07/28/2017;15:00:00;73.0305558275543
07/28/2017;16:00:00;72.4889389368498
07/28/2017;17:00:00;72.7077492035257
07/28/2017;18:00:00;72.5794759232232
07/28/2017;19:00:00;72.442392994483
07/28/2017;20:00:00;72.4627855874202
07/28/2017;21:00:00;72.311957297809
07/28/2017;22:00:00;72.5264034921811
07/28/2017;23:00:00;72.0176014865621
07/29/2017;00:00:00;72.255673508814
07/29/2017;01:00:00;72.2086417633214
07/29/2017;02:00:00;72.2868289024763
07/29/2017;03:00:00;72.112590946428
07/29/2017;04:00:00;71.8681787098604
07/29/2017;05:00:00;71.6657390412025
07/29/2017;06:00:00;71.3965629142449
07/29/2017;07:00:00;71.2426041775302
07/29/2017;08:00:00;71.5463247469298
07/29/2017;09:00:00;71.4527494255512
07/29/2017;10:00:00;71.5418380343295
07/29/2017;11:00:00;71.6963681598624
07/29/2017;12:00:00;72.1722781360849
07/29/2017;13:00:00;71.5595730925625
07/29/2017;14:00:00;72.3089530969335
07/29/2017;15:00:00;71.9451401316124
07/29/2017;16:00:00;71.7437552947085
07/29/2017;17:00:00;71.7114694689601
07/29/2017;18:00:00;71.5477760624022
07/29/2017;19:00:00;71.4472308314008
07/29/2017;20:00:00;71.3613975062445
07/29/2017;21:00:00;71.4798284554623
07/29/2017;22:00:00;71.3192763366451
07/29/2017;23:00:00;71.2880156009141
07/30/2017;00:00:00;71.3227877943902
07/30/2017;01:00:00;71.3846123823649
07/30/2017;02:00:00;71.2646662175029
07/30/2017;03:00:00;71.714258436911
07/30/2017;04:00:00;71.9888780564292
07/30/2017;05:00:00;72.0407602235923
07/30/2017;06:00:00;72.1099606944949
07/30/2017;07:00:00;72.3317964199928
07/30/2017;08:00:00;72.1675032407352
07/30/2017;09:00:00;72.7783802327972
07/30/2017;10:00:00;72.5847154272853
07/30/2017;11:00:00;72.1051899062371
07/30/2017;12:00:00;72.1160188693251
07/30/2017;13:00:00;72.8092566299408
07/30/2017;14:00:00;72.7825955122091
07/30/2017;15:00:00;72.7301197431638
07/30/2017;16:00:00;72.9525388590364
07/30/2017;17:00:00;72.6154228856399
07/30/2017;18:00:00;72.8311026750515
07/30/2017;19:00:00;72.6957564474956
07/30/2017;20:00:00;72.6796365337455
07/30/2017;21:00:00;72.6217996105089
07/30/2017;22:00:00;72.8510625245939
07/30/2017;23:00:00;72.2785088467949
07/31/2017;00:00:00;71.8947502994146
07/31/2017;01:00:00;71.8975072029264
07/31/2017;02:00:00;71.8516619336727
07/31/2017;03:00:00;71.7514019630455
07/31/2017;04:00:00;72.1865881925758
07/31/2017;05:00:00;72.8418259069
07/31/2017;06:00:00;72.8359572300085
07/31/2017;07:00:00;72.7254559770393
07/31/2017;08:00:00;72.8208166996733
07/31/2017;09:00:00;72.8120783444025
07/31/2017;10:00:00;73.048662329807
07/31/2017;11:00:00;73.2577949992384
07/31/2017;12:00:00;73.3811074208042
07/31/2017;13:00:00;73.3279059048468
07/31/2017;14:00:00;73.0886426437372
07/31/2017;15:00:00;73.5444449418738
07/31/2017;16:00:00;73.4612099244666
07/31/2017;17:00:00;73.3788934475843
07/31/2017;18:00:00;73.3068627137026
07/31/2017;19:00:00;73.5884254891884
07/31/2017;20:00:00;73.6594579816005
07/31/2017;21:00:00;73.3010791221837
07/31/2017;22:00:00;73.3737238185903
07/31/2017;23:00:00;73.3975309542731
08/01/2017;00:00:00;73.1527516791655
08/01/2017;01:00:00;73.1838139570256
08/01/2017;02:00:00;73.0577402125146
08/01/2017;03:00:00;73.0992227429419
08/01/2017;04:00:00;72.9270857797993
08/01/2017;05:00:00;73.0725801828202
08/01/2017;06:00:00;73.0115285278702
08/01/2017;07:00:00;73.2609708657616
08/01/2017;08:00:00;73.0367380543741
08/01/2017;09:00:00;73.335061182853
08/01/2017;10:00:00;73.2153117414024
08/01/2017;11:00:00;73.1821193698431
08/01/2017;12:00:00;73.5892878386227
08/01/2017;13:00:00;73.6770557572188
08/01/2017;14:00:00;73.6945126657609
08/01/2017;15:00:00;73.4676521713846
08/01/2017;16:00:00;74.2780165050146
08/01/2017;17:00:00;74.1987098465724
08/01/2017;18:00:00;73.9877624066122
08/01/2017;19:00:00;73.8136473559576
08/01/2017;20:00:00;73.6660221938895
08/01/2017;21:00:00;73.6390066899449
08/01/2017;22:00:00;73.4725405866178
08/01/2017;23:00:00;73.4048671290189
08/02/2017;00:00:00;73.1611334714372
08/02/2017;01:00:00;73.3080225282973
08/02/2017;02:00:00;73.5616927120796
08/02/2017;03:00:00;73.3813379010631
08/02/2017;04:00:00;74.1296151687074
08/02/2017;05:00:00;73.3511827701199
08/02/2017;06:00:00;73.4125214274778
08/02/2017;07:00:00;73.8221494485778
08/02/2017;08:00:00;73.3843440704348
08/02/2017;09:00:00;73.4514599128248
08/02/2017;10:00:00;73.5241253532385
08/02/2017;11:00:00;73.3098172761301
08/02/2017;12:00:00;73.4971939940658
08/02/2017;13:00:00;73.9333141281805
08/02/2017;14:00:00;73.5724996835829
08/02/2017;15:00:00;73.8101552087723
08/02/2017;16:00:00;74.0197629429225
08/02/2017;17:00:00;74.0541436988795
08/02/2017;18:00:00;74.0434089443296
08/02/2017;19:00:00;73.7863609702509
08/02/2017;20:00:00;73.8809258472717
08/02/2017;21:00:00;73.7176336730891
08/02/2017;22:00:00;73.9516091111704
08/02/2017;23:00:00;73.8298784412829
08/03/2017;00:00:00;73.6195347587893
08/03/2017;01:00:00;73.528103438562
08/03/2017;02:00:00;73.3697792545476
08/03/2017;03:00:00;73.4499375563124
08/03/2017;04:00:00;73.4592083448328
08/03/2017;05:00:00;73.7073072341281
08/03/2017;06:00:00;73.9093478857512
08/03/2017;07:00:00;75.8217483079862
08/03/2017;08:00:00;76.7634843590022
08/03/2017;09:00:00;77.529812435924
08/03/2017;10:00:00;78.6305882328698
08/03/2017;11:00:00;78.7805995252151
08/03/2017;12:00:00;79.3457887566259
08/03/2017;13:00:00;78.9160094328011
08/03/2017;14:00:00;79.1138574352622
08/03/2017;15:00:00;79.0903628077993
08/03/2017;16:00:00;79.6166961833496
08/03/2017;17:00:00;80.0178388701913
08/03/2017;18:00:00;80.2872213632655
08/03/2017;19:00:00;80.1625793267346
08/03/2017;20:00:00;80.4700238856817
08/03/2017;21:00:00;79.8406175474073
08/03/2017;22:00:00;79.782150400786
08/03/2017;23:00:00;79.8168839655628
08/04/2017;00:00:00;79.6293557012009
08/04/2017;01:00:00;79.229917769021
08/04/2017;02:00:00;79.5264755565762
08/04/2017;03:00:00;79.3519156258489
08/04/2017;04:00:00;79.4185525051413
08/04/2017;05:00:00;79.2818755235938
08/04/2017;06:00:00;79.7043117397729
08/04/2017;07:00:00;79.3357088679969
08/04/2017;08:00:00;79.5020986609726
08/04/2017;09:00:00;79.6026021190455
08/04/2017;10:00:00;80.2990561123667
08/04/2017;11:00:00;79.5388542337879
08/04/2017;12:00:00;80.2511253568553
08/04/2017;13:00:00;79.7652198630647
08/04/2017;14:00:00;80.1332749368889
08/04/2017;15:00:00;80.1621778186761
08/04/2017;16:00:00;80.0194279874819
08/04/2017;17:00:00;80.023690012871
08/04/2017;18:00:00;80.5753473331595
08/04/2017;19:00:00;80.2772225225035
08/04/2017;20:00:00;80.0573564986324
08/04/2017;21:00:00;80.2787785249125
08/04/2017;22:00:00;79.9217729992884
08/04/2017;23:00:00;80.1711850089528
08/05/2017;00:00:00;80.0524941668862
08/05/2017;01:00:00;80.0963320409965
08/05/2017;02:00:00;80.0692348603846
08/05/2017;03:00:00;79.66890127247
08/05/2017;04:00:00;80.1538992514141
08/05/2017;05:00:00;80.0148802766666
08/05/2017;06:00:00;79.7675691016746
08/05/2017;07:00:00;79.5244188869268
08/05/2017;08:00:00;79.4990487621705
08/05/2017;09:00:00;79.6557515925981
08/05/2017;10:00:00;79.5500680961697
08/05/2017;11:00:00;79.4544158617446
08/05/2017;12:00:00;79.8161401018401
08/05/2017;13:00:00;79.7445503986781
08/05/2017;14:00:00;79.6107825899483
08/05/2017;15:00:00;79.3243581885915
08/05/2017;16:00:00;80.3820388395361
08/05/2017;17:00:00;78.9470865145108
08/05/2017;18:00:00;79.5947307075166
08/05/2017;19:00:00;79.7507206420723
08/05/2017;20:00:00;79.8229133642161
08/05/2017;21:00:00;79.9300714869069
08/05/2017;22:00:00;79.84327951954
08/05/2017;23:00:00;79.6547855187872
08/06/2017;00:00:00;79.605000238386
08/06/2017;01:00:00;79.4840379229441
08/06/2017;02:00:00;79.3622374330985
08/06/2017;03:00:00;79.5050619136098
08/06/2017;04:00:00;79.4858786227281
08/06/2017;05:00:00;79.5867037484769
08/06/2017;06:00:00;79.3528534246795
08/06/2017;07:00:00;79.5427904354809
08/06/2017;08:00:00;79.507884939068
08/06/2017;09:00:00;79.4947438978866
08/06/2017;10:00:00;79.7240216848375
08/06/2017;11:00:00;79.4093527908871
08/06/2017;12:00:00;79.837399326798
08/06/2017;13:00:00;80.1563016714468
08/06/2017;14:00:00;78.9596441089906
08/06/2017;15:00:00;80.0909457848758
08/06/2017;16:00:00;78.9588874472257
08/06/2017;17:00:00;79.5623442438058
08/06/2017;18:00:00;79.8054626558418
08/06/2017;19:00:00;79.8724887156719
08/06/2017;20:00:00;79.863712854129
08/06/2017;21:00:00;79.8100082862498
08/06/2017;22:00:00;79.5786231304116
08/06/2017;23:00:00;79.61477582823
08/07/2017;00:00:00;79.4342697292816
08/07/2017;01:00:00;79.4493210026215
08/07/2017;02:00:00;79.4826622224265
08/07/2017;03:00:00;79.5379092848592
08/07/2017;04:00:00;79.5715504343769
08/07/2017;05:00:00;79.877493687876
08/07/2017;06:00:00;79.1884111082895
08/07/2017;07:00:00;78.7218144794075
08/07/2017;08:00:00;77.8174019811036
08/07/2017;09:00:00;78.2108910438191
08/07/2017;10:00:00;78.3053760635063
08/07/2017;11:00:00;77.9899096816484
08/07/2017;12:00:00;78.1935660975686
08/07/2017;13:00:00;78.0981484566584
08/07/2017;14:00:00;78.4346858899829
08/07/2017;15:00:00;78.2429759383701
08/07/2017;16:00:00;78.2367789435332
08/07/2017;17:00:00;78.4040132690149
08/07/2017;18:00:00;78.9996029260177
08/07/2017;19:00:00;78.1015859604755
08/07/2017;20:00:00;78.5106485301409
08/07/2017;21:00:00;78.4813651246544
08/07/2017;22:00:00;78.564449066386
08/07/2017;23:00:00;78.3467863711329
08/08/2017;00:00:00;78.4988862923436
08/08/2017;01:00:00;78.3647520321589
08/08/2017;02:00:00;78.2673720406889
08/08/2017;03:00:00;78.5466052652915
08/08/2017;04:00:00;78.226751049021
08/08/2017;05:00:00;78.4580692205914
08/08/2017;06:00:00;78.0381424062103
08/08/2017;07:00:00;78.3306696002439
08/08/2017;08:00:00;78.2248442458988
08/08/2017;09:00:00;78.2340712733235
08/08/2017;10:00:00;78.2694583620601
08/08/2017;11:00:00;76.5186007755738
08/08/2017;12:00:00;76.1982970362845
08/08/2017;13:00:00;76.0628668533448
08/08/2017;14:00:00;76.053777583928
08/08/2017;15:00:00;75.9646465857064
08/08/2017;16:00:00;76.0051917278665
08/08/2017;17:00:00;76.0555152417727
08/08/2017;18:00:00;76.0364856094378
08/08/2017;19:00:00;75.8993108455901
08/08/2017;20:00:00;75.970224652973
08/08/2017;21:00:00;75.6466366997974
08/08/2017;22:00:00;75.7084170823097
08/08/2017;23:00:00;75.5140499389073
08/09/2017;00:00:00;75.4834794181197
08/09/2017;01:00:00;75.6740075552969
08/09/2017;02:00:00;75.734465247969
08/09/2017;03:00:00;75.5206340490915
08/09/2017;04:00:00;75.7819268420267
08/09/2017;05:00:00;75.5040433373144
08/09/2017;06:00:00;75.9403236140671
08/09/2017;07:00:00;76.6174015119492
08/09/2017;08:00:00;77.0805979491429
08/09/2017;09:00:00;77.7132731707508
08/09/2017;10:00:00;76.4736226830047
08/09/2017;11:00:00;77.5227360569621
08/09/2017;12:00:00;77.3255056070941
08/09/2017;13:00:00;77.2073711257547
08/09/2017;14:00:00;77.2643303023573
08/09/2017;15:00:00;77.2892006592979
08/09/2017;16:00:00;77.3682168897385
08/09/2017;17:00:00;77.6258216633525
08/09/2017;18:00:00;77.4500235358704
08/09/2017;19:00:00;77.257258759866
08/09/2017;20:00:00;77.6314067049019
08/09/2017;21:00:00;77.5238614180617
08/09/2017;22:00:00;77.1575583085561
08/09/2017;23:00:00;77.2056460188624
08/10/2017;00:00:00;77.4492293745919
08/10/2017;01:00:00;77.4926728374984
08/10/2017;02:00:00;77.4501803470041
08/10/2017;03:00:00;77.4782916807561
08/10/2017;04:00:00;77.5568409566965
08/10/2017;05:00:00;77.1130576278723
08/10/2017;06:00:00;76.9525212131668
08/10/2017;07:00:00;76.511809618184
08/10/2017;08:00:00;77.1926353336078
08/10/2017;09:00:00;76.7078155767645
08/10/2017;10:00:00;77.280041600662
08/10/2017;11:00:00;77.2639019604851
08/10/2017;12:00:00;77.4271516829988
08/10/2017;13:00:00;77.2247100947511
08/10/2017;14:00:00;77.4127563130829
08/10/2017;15:00:00;77.4934056866959
08/10/2017;16:00:00;77.8042249193811
08/10/2017;17:00:00;77.5822463619992
08/10/2017;18:00:00;77.5315820532169
08/10/2017;19:00:00;77.5447412286305
08/10/2017;20:00:00;77.5781757545086
08/10/2017;21:00:00;77.3207111571496
08/10/2017;22:00:00;77.4149428838267
08/10/2017;23:00:00;77.4147976534962
08/11/2017;00:00:00;77.4490561728467
08/11/2017;01:00:00;77.3114588764914
08/11/2017;02:00:00;77.4592889982424
08/11/2017;03:00:00;77.3161914640416
08/11/2017;04:00:00;77.1294464662069
08/11/2017;05:00:00;77.3632586531644
08/11/2017;06:00:00;77.3933605862686
08/11/2017;07:00:00;77.3995662299909
08/11/2017;08:00:00;77.5310535927069
08/11/2017;09:00:00;77.4809978071062
08/11/2017;10:00:00;77.6163087560686
08/11/2017;11:00:00;77.4376724335486
08/11/2017;12:00:00;77.5914611980465
08/11/2017;13:00:00;77.6250753726707
08/11/2017;14:00:00;77.401059637462
08/11/2017;15:00:00;77.7101476112331
08/11/2017;16:00:00;77.5263910979766
08/11/2017;17:00:00;77.4985566868227
08/11/2017;18:00:00;77.4829873689306
08/11/2017;19:00:00;77.3567906046769
08/11/2017;20:00:00;77.1056112617953
08/11/2017;21:00:00;76.9711794586552
08/11/2017;22:00:00;77.2843889457415
08/11/2017;23:00:00;76.9845679757687
08/12/2017;00:00:00;77.3374584236671
08/12/2017;01:00:00;77.5740910296333
08/12/2017;02:00:00;77.617067658154
08/12/2017;03:00:00;77.3447180855853
08/12/2017;04:00:00;77.5165552619073
08/12/2017;05:00:00;77.4045668734674
08/12/2017;06:00:00;77.1896588197294
08/12/2017;07:00:00;77.8304101362804
08/12/2017;08:00:00;77.4758029714739
08/12/2017;09:00:00;77.5239181194925
08/12/2017;10:00:00;77.3035446705431
08/12/2017;11:00:00;77.2538706898242
08/12/2017;12:00:00;77.4932918224762
08/12/2017;13:00:00;77.0093780481702
08/12/2017;14:00:00;77.0548626607209
08/12/2017;15:00:00;77.0220159235335
08/12/2017;16:00:00;76.9204519574833
08/12/2017;17:00:00;76.4912214446694
08/12/2017;18:00:00;77.0835451833211
08/12/2017;19:00:00;76.3670418718626
08/12/2017;20:00:00;76.4807694815438
08/12/2017;21:00:00;76.6144263721715
08/12/2017;22:00:00;76.400953630989
08/12/2017;23:00:00;76.6529951222072
08/13/2017;00:00:00;76.8551047834154
08/13/2017;01:00:00;76.1251263676877
08/13/2017;02:00:00;76.2446815372424
08/13/2017;03:00:00;76.3125902599326
08/13/2017;04:00:00;75.9937949277451
08/13/2017;05:00:00;76.2776405267162
08/13/2017;06:00:00;76.2998727676628
08/13/2017;07:00:00;76.3892733601604
08/13/2017;08:00:00;76.0430129075215
08/13/2017;09:00:00;76.0045142369775
08/13/2017;10:00:00;76.4546650558757
08/13/2017;11:00:00;76.0982729770213
08/13/2017;12:00:00;76.3094390955289
08/13/2017;13:00:00;76.3467031753691
08/13/2017;14:00:00;76.2904758269597
08/13/2017;15:00:00;76.7921552242046
08/13/2017;16:00:00;75.9195133630619
08/13/2017;17:00:00;76.3573465894969
08/13/2017;18:00:00;76.979859964091
08/13/2017;19:00:00;77.0817955969729
08/13/2017;20:00:00;76.9571336454867
08/13/2017;21:00:00;76.9852807768782
08/13/2017;22:00:00;77.066716349576
08/13/2017;23:00:00;77.3531509476138
08/14/2017;00:00:00;77.4109993107639
08/14/2017;01:00:00;77.1522136244222
08/14/2017;02:00:00;77.2237651651365
08/14/2017;03:00:00;77.1524814343068
08/14/2017;04:00:00;77.3280545768125
08/14/2017;05:00:00;77.2336027462002
08/14/2017;06:00:00;77.1853625494552
08/14/2017;07:00:00;77.1965911661919
08/14/2017;08:00:00;76.8357904499341
08/14/2017;09:00:00;76.4636895843116
08/14/2017;10:00:00;76.6826802281758
08/14/2017;11:00:00;76.4860283713964
08/14/2017;12:00:00;76.2812900799981
08/14/2017;13:00:00;76.954655488642
08/14/2017;14:00:00;77.1283116727331
08/14/2017;15:00:00;77.0859567236777
08/14/2017;16:00:00;76.6465299965907
08/14/2017;17:00:00;76.5234037994684
08/14/2017;18:00:00;76.0002176256369
08/14/2017;19:00:00;75.986226019944
08/14/2017;20:00:00;75.9480855387716
08/14/2017;21:00:00;75.8796107167449
08/14/2017;22:00:00;75.8514871085698
08/14/2017;23:00:00;75.8326509088044
08/15/2017;00:00:00;75.8478621269141
08/15/2017;01:00:00;75.9301847907477
08/15/2017;02:00:00;75.856449570447
08/15/2017;03:00:00;76.2586786921589
08/15/2017;04:00:00;76.4092337321555
08/15/2017;05:00:00;76.9823475353222
08/15/2017;06:00:00;76.9106099971938
08/15/2017;07:00:00;76.9879211544454
08/15/2017;08:00:00;76.7505604353734
08/15/2017;09:00:00;76.8697070711005
08/15/2017;10:00:00;77.0341907321977
08/15/2017;11:00:00;77.211439337785
08/15/2017;12:00:00;76.9852808451988
08/15/2017;13:00:00;77.0931454590793
08/15/2017;14:00:00;77.01938689477
08/15/2017;15:00:00;77.0985203489531
08/15/2017;16:00:00;77.2397395458656
08/15/2017;17:00:00;77.1296978402753
08/15/2017;18:00:00;76.8465206550373
08/15/2017;19:00:00;77.0078727541151
08/15/2017;20:00:00;76.803134788061
08/15/2017;21:00:00;76.9088044643775
08/15/2017;22:00:00;76.7298555032652
08/15/2017;23:00:00;76.716610770189
08/16/2017;00:00:00;76.7022715749085
08/16/2017;01:00:00;76.6044826122001
08/16/2017;02:00:00;76.6037470484127
08/16/2017;03:00:00;76.6850097256091
08/16/2017;04:00:00;76.6283344990583
08/16/2017;05:00:00;76.6275277025557
08/16/2017;06:00:00;76.4180778566067
08/16/2017;07:00:00;75.8374406158914
08/16/2017;08:00:00;75.1352999767481
08/16/2017;09:00:00;75.1906491483859
08/16/2017;10:00:00;75.3676227086562
08/16/2017;11:00:00;75.2638273773823
08/16/2017;12:00:00;74.9499338790653
08/16/2017;13:00:00;74.8058913500311
08/16/2017;14:00:00;74.3948540155141
08/16/2017;15:00:00;74.6705644997327
08/16/2017;16:00:00;74.9410496009057
08/16/2017;17:00:00;75.1734787771695
08/16/2017;18:00:00;75.1452591960922
08/16/2017;19:00:00;75.293405836194
08/16/2017;20:00:00;75.0098333254296
08/16/2017;21:00:00;75.3744518375556
08/16/2017;22:00:00;75.5864385483428
08/16/2017;23:00:00;75.4188785832562
08/17/2017;00:00:00;75.1352393205876
08/17/2017;01:00:00;74.9915659891838
08/17/2017;02:00:00;75.3189469397918
08/17/2017;03:00:00;75.4913253450393
08/17/2017;04:00:00;75.6293932281268
08/17/2017;05:00:00;75.5194472346468
08/17/2017;06:00:00;75.4699815119454
08/17/2017;07:00:00;75.5277191712908
08/17/2017;08:00:00;75.4607221485751
08/17/2017;09:00:00;75.5401673984059
08/17/2017;10:00:00;75.5252563930808
08/17/2017;11:00:00;75.7547736655991
08/17/2017;12:00:00;75.5983573418805
08/17/2017;13:00:00;75.1207287485541
08/17/2017;14:00:00;75.4910474419267
08/17/2017;15:00:00;75.3484832217196
08/17/2017;16:00:00;75.273773643008
08/17/2017;17:00:00;75.4187258676276
08/17/2017;18:00:00;74.9007753985094
08/17/2017;19:00:00;75.5798769388472
08/17/2017;20:00:00;75.2053077476633
08/17/2017;21:00:00;75.171930142166
08/17/2017;22:00:00;75.2307301117765
08/17/2017;23:00:00;75.3722814491128
08/18/2017;00:00:00;75.1721139125864
08/18/2017;01:00:00;75.53551854454
08/18/2017;02:00:00;75.0587541634931
08/18/2017;03:00:00;75.4308701992836
08/18/2017;04:00:00;75.4556829877442
08/18/2017;05:00:00;75.4619670893485
08/18/2017;06:00:00;75.4742684605297
08/18/2017;07:00:00;75.6001776075905
08/18/2017;08:00:00;75.4551146475244
08/18/2017;09:00:00;75.303848869917
08/18/2017;10:00:00;75.1253092933043
08/18/2017;11:00:00;74.6886259858702
08/18/2017;12:00:00;74.7344839724942
08/18/2017;13:00:00;74.8898148692249
08/18/2017;14:00:00;74.9649269936222
08/18/2017;15:00:00;75.2799951434362
08/18/2017;16:00:00;75.5519919638652
08/18/2017;17:00:00;75.5878184048965
08/18/2017;18:00:00;75.5745464077747
08/18/2017;19:00:00;75.6481699112187
08/18/2017;20:00:00;75.9087683506788
08/18/2017;21:00:00;75.5962019800218
08/18/2017;22:00:00;75.722502347066
08/18/2017;23:00:00;75.3144696821964
08/19/2017;00:00:00;75.6261282657946
08/19/2017;01:00:00;75.2704291425543
08/19/2017;02:00:00;75.6043553678633
08/19/2017;03:00:00;75.5745504579455
08/19/2017;04:00:00;75.4661979104166
08/19/2017;05:00:00;75.4536040073459
08/19/2017;06:00:00;75.7601153604034
08/19/2017;07:00:00;75.7110874006094
08/19/2017;08:00:00;75.8156932212763
08/19/2017;09:00:00;75.5471455556378
08/19/2017;10:00:00;75.8726336392824
08/19/2017;11:00:00;75.3910534171989
08/19/2017;12:00:00;75.7415592961591
08/19/2017;13:00:00;75.4085661485751
08/19/2017;14:00:00;75.7551764910678
08/19/2017;15:00:00;75.584718596765
08/19/2017;16:00:00;75.4819129441868
08/19/2017;17:00:00;75.5884597124587
08/19/2017;18:00:00;75.9881521898389
08/19/2017;19:00:00;75.8062366238459
08/19/2017;20:00:00;75.5006888119443
08/19/2017;21:00:00;75.6009707827502
08/19/2017;22:00:00;75.7377307637438
08/19/2017;23:00:00;75.6073069217162
08/20/2017;00:00:00;75.6368855223214
08/20/2017;01:00:00;75.6239417226007
08/20/2017;02:00:00;75.9557115296529
08/20/2017;03:00:00;75.9614544909604
08/20/2017;04:00:00;76.1928847686374
08/20/2017;05:00:00;75.9554957128218
08/20/2017;06:00:00;76.0074905356839
08/20/2017;07:00:00;75.9906674940758
08/20/2017;08:00:00;75.8714776378825
08/20/2017;09:00:00;75.9202352040833
08/20/2017;10:00:00;76.0327177634233
08/20/2017;11:00:00;76.0494374912822
08/20/2017;12:00:00;75.8924803019305
08/20/2017;13:00:00;76.0251058448338
08/20/2017;14:00:00;75.9756805931358
08/20/2017;15:00:00;76.0688510856591
08/20/2017;16:00:00;76.2350860450428
08/20/2017;17:00:00;75.9026027582282
08/20/2017;18:00:00;76.2599750341968
08/20/2017;19:00:00;75.8404616701836
08/20/2017;20:00:00;75.9292342300949
08/20/2017;21:00:00;75.8909069801392
08/20/2017;22:00:00;76.0020378499139
08/20/2017;23:00:00;76.0080556591086
08/21/2017;00:00:00;75.6159506033074
08/21/2017;01:00:00;75.9793294576865
08/21/2017;02:00:00;75.8254641203705
08/21/2017;03:00:00;75.9386876976314
08/21/2017;04:00:00;75.8187530001593
08/21/2017;05:00:00;75.88960373345
08/21/2017;06:00:00;75.8312406385859
08/21/2017;07:00:00;75.8814643783525
08/21/2017;08:00:00;76.0451961794104
08/21/2017;09:00:00;76.1694491208266
08/21/2017;10:00:00;76.1015771331322
08/21/2017;11:00:00;75.8677902032929
08/21/2017;12:00:00;75.6909844639764
08/21/2017;13:00:00;75.3631411237184
08/21/2017;14:00:00;75.7523237855204
08/21/2017;15:00:00;75.63450588706
08/21/2017;16:00:00;75.3537002347802
08/21/2017;17:00:00;75.3982085689857
08/21/2017;18:00:00;75.3367156329338
08/21/2017;19:00:00;75.5554902436656
08/21/2017;20:00:00;75.5127554479275
08/21/2017;21:00:00;75.0027136851153
08/21/2017;22:00:00;75.1937602127406
08/21/2017;23:00:00;75.6429193144884
08/22/2017;00:00:00;75.3030880209036
08/22/2017;01:00:00;75.2434351961725
08/22/2017;02:00:00;75.3041623872234
08/22/2017;03:00:00;75.1451837721549
08/22/2017;04:00:00;75.5892345870252
08/22/2017;05:00:00;75.291719983808
08/22/2017;06:00:00;75.338454400273
08/22/2017;07:00:00;75.3811001336159
08/22/2017;08:00:00;75.1642362409529
08/22/2017;09:00:00;75.5477779341852
08/22/2017;10:00:00;74.9063177321655
08/22/2017;11:00:00;75.2145242764209
08/22/2017;12:00:00;75.5140427201637
08/22/2017;13:00:00;75.042763026694
08/22/2017;14:00:00;75.0464224020587
08/22/2017;15:00:00;75.0642437970146
08/22/2017;16:00:00;75.3199051076678
08/22/2017;17:00:00;75.3054876508734
08/22/2017;18:00:00;75.579960817035
08/22/2017;19:00:00;75.4299824987687
08/22/2017;20:00:00;75.6196112035516
08/22/2017;21:00:00;75.5310545873438
08/22/2017;22:00:00;75.6433102038395
08/22/2017;23:00:00;75.7325117890833
08/23/2017;00:00:00;75.6616083755997
08/23/2017;01:00:00;75.7701429650125
08/23/2017;02:00:00;75.7723405988581
08/23/2017;03:00:00;75.710760649015
08/23/2017;04:00:00;75.5823504051318
08/23/2017;05:00:00;75.6655778776298
08/23/2017;06:00:00;75.7102101049086
08/23/2017;07:00:00;75.8112542727585
08/23/2017;08:00:00;75.4831604501278
08/23/2017;09:00:00;75.7214903645145
08/23/2017;10:00:00;75.8333899737635
08/23/2017;11:00:00;75.7519489888031
08/23/2017;12:00:00;75.457550227937
08/23/2017;13:00:00;76.0260144975899
08/23/2017;14:00:00;75.9775505799203
08/23/2017;15:00:00;82.5154185441676
08/23/2017;16:00:00;71.4696022013511
08/23/2017;17:00:00;73.2059576217957
08/23/2017;18:00:00;75.1504117651503
08/23/2017;19:00:00;76.7892610585119
08/23/2017;20:00:00;76.4720132555608
08/23/2017;21:00:00;74.451593419615
08/23/2017;22:00:00;73.7183849383311
08/23/2017;23:00:00;73.4400484879952
08/24/2017;00:00:00;73.7106271699541
08/24/2017;01:00:00;73.1177633014348
08/24/2017;02:00:00;73.1869446366913
08/24/2017;03:00:00;73.2533457581782
08/24/2017;04:00:00;73.2055352254236
08/24/2017;05:00:00;73.5068148580724
08/24/2017;06:00:00;73.2512770926445
08/24/2017;07:00:00;71.5462345208426
08/24/2017;08:00:00;73.3889009386046
08/24/2017;09:00:00;73.1126487174827
08/24/2017;10:00:00;73.5054879939125
08/24/2017;11:00:00;73.3419520744445
08/24/2017;12:00:00;73.6110661617136
08/24/2017;13:00:00;73.4150331310374
08/24/2017;14:00:00;73.0394151591086
08/24/2017;15:00:00;73.4391959529578
08/24/2017;16:00:00;73.0266990062845
08/24/2017;17:00:00;73.5119436345523
08/24/2017;18:00:00;72.9982510434914
08/24/2017;19:00:00;73.0585460880262
08/24/2017;20:00:00;73.0878374063265
08/24/2017;21:00:00;73.1947800077486
08/24/2017;22:00:00;73.2446173420261
08/24/2017;23:00:00;73.126590233852
08/25/2017;00:00:00;73.1698411456233
08/25/2017;01:00:00;73.2660268187786
08/25/2017;02:00:00;73.1151908974948
08/25/2017;03:00:00;73.2117816879286
08/25/2017;04:00:00;73.0158194792271
08/25/2017;05:00:00;72.93287534198
08/25/2017;06:00:00;72.7077413030266
08/25/2017;07:00:00;73.3214221083825
08/25/2017;08:00:00;73.6311686448003
08/25/2017;09:00:00;72.8603569453573
08/25/2017;10:00:00;72.6425287941513
08/25/2017;11:00:00;72.5519992191641
08/25/2017;12:00:00;72.4121245730122
08/25/2017;13:00:00;72.6353094653705
08/25/2017;14:00:00;73.1778124308487
08/25/2017;15:00:00;73.2270267217712
08/25/2017;16:00:00;73.3641831226015
08/25/2017;17:00:00;73.2395712998838
08/25/2017;18:00:00;73.5081394280713
08/25/2017;19:00:00;73.3547465159804
08/25/2017;20:00:00;73.2641379621611
08/25/2017;21:00:00;73.3270488385758
08/25/2017;22:00:00;73.3310056705281
08/25/2017;23:00:00;73.4316089054277
08/26/2017;00:00:00;73.3984967509584
08/26/2017;01:00:00;73.4216392626243
08/26/2017;02:00:00;73.4270494507104
08/26/2017;03:00:00;73.5435868162724
08/26/2017;04:00:00;73.6632738275458
08/26/2017;05:00:00;73.3485615470479
08/26/2017;06:00:00;73.390191970323
08/26/2017;07:00:00;73.3936687387126
08/26/2017;08:00:00;73.5127860694205
08/26/2017;09:00:00;73.4642457764682
08/26/2017;10:00:00;73.6879702820586
08/26/2017;11:00:00;73.7958086293212
08/26/2017;12:00:00;73.5581614705677
08/26/2017;13:00:00;73.8818944929089
08/26/2017;14:00:00;73.9761781753708
08/26/2017;15:00:00;73.9630902585076
08/26/2017;16:00:00;73.7667904879513
08/26/2017;17:00:00;73.7751186843534
08/26/2017;18:00:00;73.8174449080964
08/26/2017;19:00:00;74.3025603121976
08/26/2017;20:00:00;73.6824877200335
08/26/2017;21:00:00;73.792005443182
08/26/2017;22:00:00;73.500586049022
08/26/2017;23:00:00;73.6443734073002
08/27/2017;00:00:00;74.4118647583901
08/27/2017;01:00:00;74.5595799813328
08/27/2017;02:00:00;74.3925601256226
08/27/2017;03:00:00;74.2511598465129
08/27/2017;04:00:00;74.5682455150859
08/27/2017;05:00:00;74.2342912608968
08/27/2017;06:00:00;74.1363575785385
08/27/2017;07:00:00;74.2217633751304
08/27/2017;08:00:00;74.0970277943357
08/27/2017;09:00:00;74.3495718352842
08/27/2017;10:00:00;73.8625121449157
08/27/2017;11:00:00;74.0658690976027
08/27/2017;12:00:00;74.0151435732017
08/27/2017;13:00:00;74.1866712874758
08/27/2017;14:00:00;74.0534425889141
08/27/2017;15:00:00;74.2431633516365
08/27/2017;16:00:00;73.9053569945155
08/27/2017;17:00:00;74.1510668072881
08/27/2017;18:00:00;73.9895666870138
08/27/2017;19:00:00;73.9126062566182
08/27/2017;20:00:00;74.02239896338
08/27/2017;21:00:00;74.0908070020312
08/27/2017;22:00:00;74.0086757899241
08/27/2017;23:00:00;74.0685394455897
08/28/2017;00:00:00;74.0187096035326
08/28/2017;01:00:00;73.7192536409114
08/28/2017;02:00:00;73.5473617821796
08/28/2017;03:00:00;73.7311266059389
08/28/2017;04:00:00;73.6842321004355
08/28/2017;05:00:00;73.7480975526426
08/28/2017;06:00:00;73.7908221287524
08/28/2017;07:00:00;73.8407933346222
08/28/2017;08:00:00;73.8509661905642
08/28/2017;09:00:00;73.8811058098451
08/28/2017;10:00:00;73.9296754725039
08/28/2017;11:00:00;73.7257650182693
08/28/2017;12:00:00;73.7212833680145
08/28/2017;13:00:00;73.642747003255
08/28/2017;14:00:00;73.9256148704459
08/28/2017;15:00:00;74.3821707865952
08/28/2017;16:00:00;74.4268578798566
08/28/2017;17:00:00;73.8810006836356
08/28/2017;18:00:00;73.970838121225
08/28/2017;19:00:00;74.0145071002042
08/28/2017;20:00:00;73.9877360866674
08/28/2017;21:00:00;74.0439581639284
08/28/2017;22:00:00;73.9392082702903
08/28/2017;23:00:00;74.0912846380554
08/29/2017;00:00:00;73.8882852433367
08/29/2017;01:00:00;73.9536066977697
08/29/2017;02:00:00;74.0916588187754
08/29/2017;03:00:00;74.1247745674522
08/29/2017;04:00:00;73.8782235706768
08/29/2017;05:00:00;73.9519516936949
08/29/2017;06:00:00;73.9957429658754
08/29/2017;07:00:00;73.816621918789
08/29/2017;08:00:00;73.8251829230854
08/29/2017;09:00:00;73.9363692055414
08/29/2017;10:00:00;74.4539041160642
08/29/2017;11:00:00;73.9685629560369
08/29/2017;12:00:00;74.3770152149337
08/29/2017;13:00:00;74.1765763977905
08/29/2017;14:00:00;74.3408589165385
08/29/2017;15:00:00;74.1960556662109
08/29/2017;16:00:00;74.1181875605411
08/29/2017;17:00:00;74.1366107425071
08/29/2017;18:00:00;74.0279826194662
08/29/2017;19:00:00;74.2181872516221
08/29/2017;20:00:00;74.3799596340015
08/29/2017;21:00:00;74.0759745597524
08/29/2017;22:00:00;74.0605588609151
08/29/2017;23:00:00;74.0325586429354
08/30/2017;00:00:00;73.8630022715991
08/30/2017;01:00:00;74.1501430151088
08/30/2017;02:00:00;74.1530991834878
08/30/2017;03:00:00;73.9499899837287
08/30/2017;04:00:00;74.2873833112878
08/30/2017;05:00:00;74.1025073299091
08/30/2017;06:00:00;74.1682469265609
08/30/2017;07:00:00;73.7527104155786
08/30/2017;08:00:00;73.9579267304183
08/30/2017;09:00:00;74.033862344198
08/30/2017;10:00:00;74.722894484128
08/30/2017;11:00:00;74.7416075826907
08/30/2017;12:00:00;75.1845117866901
08/30/2017;13:00:00;76.3819738428164
08/30/2017;14:00:00;77.4358201532245
08/30/2017;15:00:00;77.3652775891959
08/30/2017;16:00:00;77.6616749845551
08/30/2017;17:00:00;77.3114819061393
08/30/2017;18:00:00;77.367793717758
08/30/2017;19:00:00;77.7457117923326
08/30/2017;20:00:00;77.7825082857343
08/30/2017;21:00:00;78.0099970571394
08/30/2017;22:00:00;78.0868144714346
08/30/2017;23:00:00;78.1102893509831
08/31/2017;00:00:00;78.0118625785037
08/31/2017;01:00:00;78.134433485511
08/31/2017;02:00:00;78.1050310006586
08/31/2017;03:00:00;78.3072666593501
08/31/2017;04:00:00;78.3459715389289
08/31/2017;05:00:00;78.1156505605149
08/31/2017;06:00:00;78.0032753608737
08/31/2017;07:00:00;78.4896792561693
08/31/2017;08:00:00;78.2986748757361
08/31/2017;09:00:00;78.2903499390326
08/31/2017;10:00:00;78.3114073378489
08/31/2017;11:00:00;78.3449285244145
08/31/2017;12:00:00;78.6689098357581
08/31/2017;13:00:00;78.5879334404217
08/31/2017;14:00:00;78.7660511774642
08/31/2017;15:00:00;78.8574929983384
08/31/2017;16:00:00;78.9442665777729
08/31/2017;17:00:00;79.4556423066253
08/31/2017;18:00:00;79.8878627771602
08/31/2017;19:00:00;81.6489789262492
08/31/2017;20:00:00;81.2793096256788
08/31/2017;21:00:00;85.9472480473121
08/31/2017;22:00:00;86.7271596854873
08/31/2017;23:00:00;85.2449649099825
09/01/2017;00:00:00;86.8430480944786
09/01/2017;01:00:00;87.2121146489484
09/01/2017;02:00:00;86.889483374679
09/01/2017;03:00:00;86.3248381943675
09/01/2017;04:00:00;85.9034063201585
09/01/2017;05:00:00;86.7363520483178
09/01/2017;06:00:00;86.7770292219889
09/01/2017;07:00:00;82.1659287141568
09/01/2017;08:00:00;85.4529909898723
09/01/2017;09:00:00;84.9811989200084
09/01/2017;10:00:00;84.6121789287579
09/01/2017;11:00:00;84.603913032592
09/01/2017;12:00:00;84.5536237129707
09/01/2017;13:00:00;84.5047695848743
09/01/2017;14:00:00;84.5086632304945
09/01/2017;15:00:00;84.5046399859409
09/01/2017;16:00:00;84.075337222849
09/01/2017;17:00:00;84.626172920608
09/01/2017;18:00:00;84.5512037984131
09/01/2017;19:00:00;83.9644824881658
09/01/2017;20:00:00;83.8140196908499
09/01/2017;21:00:00;83.5222770004727
09/01/2017;22:00:00;83.6280594600788
09/01/2017;23:00:00;83.4843276592594
09/02/2017;00:00:00;83.3566723081793
09/02/2017;01:00:00;83.3403364913228
09/02/2017;02:00:00;82.3172715839975
09/02/2017;03:00:00;81.7383441919773
09/02/2017;04:00:00;82.0422183842344
09/02/2017;05:00:00;82.1871469681263
09/02/2017;06:00:00;81.7004414637307
09/02/2017;07:00:00;81.9810201349785
09/02/2017;08:00:00;81.8939887349388
09/02/2017;09:00:00;82.2959819815121
09/02/2017;10:00:00;81.9738170850356
09/02/2017;11:00:00;81.7313753701069
09/02/2017;12:00:00;81.547599904827
09/02/2017;13:00:00;81.3067825167339
09/02/2017;14:00:00;81.3184863097837
09/02/2017;15:00:00;82.4539823554489
09/02/2017;16:00:00;81.7761727075461
09/02/2017;17:00:00;83.7476585228554
09/02/2017;18:00:00;80.4509846882568
09/02/2017;19:00:00;82.7513394230394
09/02/2017;20:00:00;82.1100685241911
09/02/2017;21:00:00;81.7832629701901
09/02/2017;22:00:00;81.7899368344286
09/02/2017;23:00:00;82.6097609147831
09/03/2017;00:00:00;82.1667170082587
09/03/2017;01:00:00;82.1498858903873
09/03/2017;02:00:00;82.0869590807583
09/03/2017;03:00:00;84.1377101484068
09/03/2017;04:00:00;83.4519495237921
09/03/2017;05:00:00;83.5768506083814
09/03/2017;06:00:00;83.5701144581907
09/03/2017;07:00:00;83.5527238928569
09/03/2017;08:00:00;83.9966187252102
09/03/2017;09:00:00;83.9671615402922
09/03/2017;10:00:00;84.0522445230408
09/03/2017;11:00:00;84.0567457875597
09/03/2017;12:00:00;84.2899409145798
09/03/2017;13:00:00;84.263602927709
09/03/2017;14:00:00;84.332251869979
09/03/2017;15:00:00;84.3218112487577
09/03/2017;16:00:00;84.2202067633043
09/03/2017;17:00:00;84.3045789252445
09/03/2017;18:00:00;84.2578783945131
09/03/2017;19:00:00;84.2453902073002
09/03/2017;20:00:00;84.2770749526814
09/03/2017;21:00:00;84.4825436102209
09/03/2017;22:00:00;84.3739575345698
09/03/2017;23:00:00;84.5331158207018
09/04/2017;00:00:00;84.5322562861892
09/04/2017;01:00:00;84.53271782224
09/04/2017;02:00:00;84.5580623748481
09/04/2017;03:00:00;84.5393997978574
09/04/2017;04:00:00;84.507272792804
09/04/2017;05:00:00;83.8987362865762
09/04/2017;06:00:00;84.4706981305085
09/04/2017;07:00:00;84.573489590001
09/04/2017;08:00:00;84.5891555489738
09/04/2017;09:00:00;84.2645129390296
09/04/2017;10:00:00;84.854058673206
09/04/2017;11:00:00;84.8264337645675
09/04/2017;12:00:00;84.8849298881871
09/04/2017;13:00:00;84.8863389726664
09/04/2017;14:00:00;84.2096145837829
09/04/2017;15:00:00;84.2474617645515
09/04/2017;16:00:00;84.5380470720055
09/04/2017;17:00:00;84.8608350880199
09/04/2017;18:00:00;85.0096715800895
09/04/2017;19:00:00;84.5979538162372
09/04/2017;20:00:00;84.6325075613698
09/04/2017;21:00:00;83.9896488247952
09/04/2017;22:00:00;84.818275481142
09/04/2017;23:00:00;84.1607669922736
09/05/2017;00:00:00;84.2516850744668
09/05/2017;01:00:00;84.1841094000705
09/05/2017;02:00:00;84.2322215476898
09/05/2017;03:00:00;82.9874925087899
09/05/2017;04:00:00;83.8288074766607
09/05/2017;05:00:00;82.6756057391787
09/05/2017;06:00:00;85.0697946359121
09/05/2017;07:00:00;82.131809066055
09/05/2017;08:00:00;82.1392418000189
09/05/2017;09:00:00;80.0162697258396
09/05/2017;10:00:00;80.070858059522
09/05/2017;11:00:00;80.2016279565405
09/05/2017;12:00:00;80.3220462880208
09/05/2017;13:00:00;79.3353968641049
09/05/2017;14:00:00;79.4102987546416
09/05/2017;15:00:00;79.2441011343842
09/05/2017;16:00:00;79.3920419675795
09/05/2017;17:00:00;79.3009370484059
09/05/2017;18:00:00;79.3885856253687
09/05/2017;19:00:00;79.4978884840984
09/05/2017;20:00:00;79.4138697076309
09/05/2017;21:00:00;79.3954014326165
09/05/2017;22:00:00;79.4081443164602
09/05/2017;23:00:00;79.3640852945037
09/06/2017;00:00:00;79.2114707256635
09/06/2017;01:00:00;79.1842090921911
09/06/2017;02:00:00;79.1295570899681
09/06/2017;03:00:00;79.0863899023451
09/06/2017;04:00:00;79.2064184408212
09/06/2017;05:00:00;79.1853491345287
09/06/2017;06:00:00;79.1545445140064
09/06/2017;07:00:00;79.2262111907115
09/06/2017;08:00:00;79.317253469112
09/06/2017;09:00:00;79.2796886465419
09/06/2017;10:00:00;79.3056607406044
09/06/2017;11:00:00;79.2471055182443
09/06/2017;12:00:00;79.2507453166294
09/06/2017;13:00:00;79.1774921919938
09/06/2017;14:00:00;79.343575416511
09/06/2017;15:00:00;78.7822206907616
09/06/2017;16:00:00;79.2206211204845
09/06/2017;17:00:00;79.6318642258768
09/06/2017;18:00:00;78.96809692659
09/06/2017;19:00:00;79.0376099183072
09/06/2017;20:00:00;79.0371019790701
09/06/2017;21:00:00;79.0913521425558
09/06/2017;22:00:00;78.7367091475691
09/06/2017;23:00:00;78.9600660620624
09/07/2017;00:00:00;79.0887153232951
09/07/2017;01:00:00;78.5586586790254
09/07/2017;02:00:00;78.9074730582617
09/07/2017;03:00:00;79.3632755258295
09/07/2017;04:00:00;78.685861157169
09/07/2017;05:00:00;78.8764734361862
09/07/2017;06:00:00;78.9732838192392
09/07/2017;07:00:00;78.9198312578202
09/07/2017;08:00:00;78.8476211726377
09/07/2017;09:00:00;79.0560082305985
09/07/2017;10:00:00;79.2260176532018
09/07/2017;11:00:00;79.1530425498976
09/07/2017;12:00:00;79.2641627002692
09/07/2017;13:00:00;79.2813160061479
09/07/2017;14:00:00;79.4753822507404
09/07/2017;15:00:00;79.4101329233129
09/07/2017;16:00:00;79.5988682692489
09/07/2017;17:00:00;79.5811019824679
09/07/2017;18:00:00;79.63410150132
09/07/2017;19:00:00;79.4729076750144
09/07/2017;20:00:00;79.7492518986319
09/07/2017;21:00:00;79.9051881373469
09/07/2017;22:00:00;79.9581436076647
09/07/2017;23:00:00;80.0651490948531
09/08/2017;00:00:00;80.1686361619309
09/08/2017;01:00:00;79.867350414606
09/08/2017;02:00:00;80.2404263945885
09/08/2017;03:00:00;80.0336828240201
09/08/2017;04:00:00;80.1670153343717
09/08/2017;05:00:00;80.3101924005679
09/08/2017;06:00:00;80.2382163348226
09/08/2017;07:00:00;79.9960755837392
09/08/2017;08:00:00;80.1518094707802
09/08/2017;09:00:00;79.6388923672185
09/08/2017;10:00:00;79.9776671061215
09/08/2017;11:00:00;79.1913642657439
09/08/2017;12:00:00;80.2480664901365
09/08/2017;13:00:00;80.1840918151199
09/08/2017;14:00:00;80.5210187126152
09/08/2017;15:00:00;80.0863569675646
09/08/2017;16:00:00;79.6679042282573
09/08/2017;17:00:00;79.5059043393469
09/08/2017;18:00:00;79.3667623842406
09/08/2017;19:00:00;79.5466515348094
09/08/2017;20:00:00;79.6739975048262
09/08/2017;21:00:00;80.1963020423253
09/08/2017;22:00:00;79.8220478476417
09/08/2017;23:00:00;79.7922774188084
09/09/2017;00:00:00;79.8641578715016
09/09/2017;01:00:00;79.9995381301661
09/09/2017;02:00:00;79.927020925239
09/09/2017;03:00:00;79.6751556049142
09/09/2017;04:00:00;79.8802123706617
09/09/2017;05:00:00;79.8242783868996
09/09/2017;06:00:00;79.8411896956361
09/09/2017;07:00:00;80.0956549753207
09/09/2017;08:00:00;79.8705812711142
09/09/2017;09:00:00;79.6730263087734
09/09/2017;10:00:00;80.0157648495337
09/09/2017;11:00:00;80.0888431589268
09/09/2017;12:00:00;79.9827304246984
09/09/2017;13:00:00;79.7258870618719
09/09/2017;14:00:00;80.2398825745865
09/09/2017;15:00:00;80.0141434706397
09/09/2017;16:00:00;79.8974449483286
09/09/2017;17:00:00;80.0348816693645
09/09/2017;18:00:00;79.8222916765942
09/09/2017;19:00:00;79.9656294011975
09/09/2017;20:00:00;80.2000535237502
09/09/2017;21:00:00;79.7892410744157
09/09/2017;22:00:00;79.4344781428324
09/09/2017;23:00:00;79.6952445627839
09/10/2017;00:00:00;79.8835648394746
09/10/2017;01:00:00;79.9295566605905
09/10/2017;02:00:00;79.8967400721523
09/10/2017;03:00:00;79.4418742094912
09/10/2017;04:00:00;79.7605818661304
09/10/2017;05:00:00;79.9365341401429
09/10/2017;06:00:00;79.5429593481449
09/10/2017;07:00:00;79.5162017988644
09/10/2017;08:00:00;79.5523678085243
09/10/2017;09:00:00;80.2335571871314
09/10/2017;10:00:00;79.6954655144031
09/10/2017;11:00:00;79.3778002518062
09/10/2017;12:00:00;79.2197112232441
09/10/2017;13:00:00;80.1827593014992
09/10/2017;14:00:00;80.4256015897362
09/10/2017;15:00:00;79.9795517743356
09/10/2017;16:00:00;80.0184347033965
09/10/2017;17:00:00;80.5482964264588
09/10/2017;18:00:00;80.2790551650662
09/10/2017;19:00:00;80.1516232615515
09/10/2017;20:00:00;80.0077086256535
09/10/2017;21:00:00;79.6119946689787
09/10/2017;22:00:00;79.3281795445132
09/10/2017;23:00:00;79.7496699083605
09/11/2017;00:00:00;80.3315356591316
09/11/2017;01:00:00;80.1293542302188
09/11/2017;02:00:00;80.1820646225601
09/11/2017;03:00:00;80.1746686672029
09/11/2017;04:00:00;80.322917364741
09/11/2017;05:00:00;80.4065188670642
09/11/2017;06:00:00;80.39075857901
09/11/2017;07:00:00;79.9577887110814
09/11/2017;08:00:00;79.8253002009327
09/11/2017;09:00:00;79.9130679023026
09/11/2017;10:00:00;79.9308848634324
09/11/2017;11:00:00;79.939005244758
09/11/2017;12:00:00;79.7695207072192
09/11/2017;13:00:00;80.4248012364733
09/11/2017;14:00:00;80.384917557911
09/11/2017;15:00:00;80.6443483665065
09/11/2017;16:00:00;80.0927195164642
09/11/2017;17:00:00;80.5052670267032
09/11/2017;18:00:00;80.2431958638729
09/11/2017;19:00:00;80.3802669929249
09/11/2017;20:00:00;80.120908042736
09/11/2017;21:00:00;80.4537647885411
09/11/2017;22:00:00;80.9232422957323
09/11/2017;23:00:00;81.1767829707388
09/12/2017;00:00:00;80.6624866665821
09/12/2017;01:00:00;79.8533975149815
09/12/2017;02:00:00;79.9022456186473
09/12/2017;03:00:00;79.6634485808151
09/12/2017;04:00:00;79.7441564201923
09/12/2017;05:00:00;79.9367202053504
09/12/2017;06:00:00;79.9149532302208
09/12/2017;07:00:00;79.7655481706625
09/12/2017;08:00:00;79.6944107474154
09/12/2017;09:00:00;80.0385700713803
09/12/2017;10:00:00;79.8400651276993
09/12/2017;11:00:00;80.1883733349862
09/12/2017;12:00:00;80.3659410997316
09/12/2017;13:00:00;79.7819741940585
09/12/2017;14:00:00;79.965901612795
09/12/2017;15:00:00;80.2803340768161
09/12/2017;16:00:00;80.1306000283475
09/12/2017;17:00:00;79.9163289034846
09/12/2017;18:00:00;80.128061973059
09/12/2017;19:00:00;80.3453496706918
09/12/2017;20:00:00;80.249322874212
09/12/2017;21:00:00;80.2997199613072
09/12/2017;22:00:00;80.423370826505
09/12/2017;23:00:00;80.3568304023337
09/13/2017;00:00:00;80.3140501035431
09/13/2017;01:00:00;80.4644434459465
09/13/2017;02:00:00;80.3414083680721
09/13/2017;03:00:00;80.15539150757
09/13/2017;04:00:00;80.4156945585142
09/13/2017;05:00:00;80.4032949804335
09/13/2017;06:00:00;80.2191865921307
09/13/2017;07:00:00;79.4418484925289
09/13/2017;08:00:00;80.1685304940415
09/13/2017;09:00:00;83.0554830716722
09/13/2017;10:00:00;83.2127986814406
09/13/2017;11:00:00;83.0407642349592
09/13/2017;12:00:00;82.899396732663
09/13/2017;13:00:00;82.9489471975003
09/13/2017;14:00:00;83.0052927709902
09/13/2017;15:00:00;82.5201532172201
09/13/2017;16:00:00;81.9816736042502
09/13/2017;17:00:00;81.1964156383744
09/13/2017;18:00:00;81.0305365490006
09/13/2017;19:00:00;80.1622722484169
09/13/2017;20:00:00;80.1371394101059
09/13/2017;21:00:00;79.2119734360486
09/13/2017;22:00:00;79.4739338303319
09/13/2017;23:00:00;79.5987397162184
09/14/2017;00:00:00;79.3368943399249
09/14/2017;01:00:00;78.8428930556342
09/14/2017;02:00:00;78.8312636555003
09/14/2017;03:00:00;78.9225431250708
09/14/2017;04:00:00;78.7783898157693
09/14/2017;05:00:00;77.8881531891584
09/14/2017;06:00:00;77.4872198080171
09/14/2017;07:00:00;77.5414352698297
09/14/2017;08:00:00;77.4998719689065
09/14/2017;09:00:00;76.7038014627612
09/14/2017;10:00:00;76.0174886837236
09/14/2017;11:00:00;76.6970194417342
09/14/2017;12:00:00;76.8685035225356
09/14/2017;13:00:00;76.4251956316588
09/14/2017;14:00:00;76.4801187835798
09/14/2017;15:00:00;77.0784117343739
09/14/2017;16:00:00;77.0297593283841
09/14/2017;17:00:00;76.3232214837766
09/14/2017;18:00:00;75.6306788665838
09/14/2017;19:00:00;75.5771274519592
09/14/2017;20:00:00;74.7575700352691
09/14/2017;21:00:00;74.7237686120033
09/14/2017;22:00:00;74.8182367534589
09/14/2017;23:00:00;74.916688085871
09/15/2017;00:00:00;75.018648711345
09/15/2017;01:00:00;74.7730681171414
09/15/2017;02:00:00;74.5767351490634
09/15/2017;03:00:00;74.3643224004042
09/15/2017;04:00:00;74.2150455176963
09/15/2017;05:00:00;74.1903627333738
09/15/2017;06:00:00;73.8190397898359
09/15/2017;07:00:00;73.4208998189363
09/15/2017;08:00:00;73.5037658322457
09/15/2017;09:00:00;73.5998084188425
09/15/2017;10:00:00;74.0645500092527
09/15/2017;11:00:00;73.805479037373
09/15/2017;12:00:00;73.8151295691038
09/15/2017;13:00:00;74.0037332487452
09/15/2017;14:00:00;72.7188878208721
09/15/2017;15:00:00;73.4690988092159
09/15/2017;16:00:00;73.6304032130167
09/15/2017;17:00:00;73.4830739770903
09/15/2017;18:00:00;73.7872452514263
09/15/2017;19:00:00;73.5012100056709
09/15/2017;20:00:00;73.5272242885225
09/15/2017;21:00:00;73.4517753174831
09/15/2017;22:00:00;73.3133258470165
09/15/2017;23:00:00;73.343771877971
09/16/2017;00:00:00;73.3571294337309
09/16/2017;01:00:00;73.2667201297458
09/16/2017;02:00:00;73.5183395919607
09/16/2017;03:00:00;73.3871635253072
09/16/2017;04:00:00;73.3007582630518
09/16/2017;05:00:00;74.172682825915
09/16/2017;06:00:00;73.8852370052175
09/16/2017;07:00:00;73.5925458509
09/16/2017;08:00:00;74.2485401189075
09/16/2017;09:00:00;73.6706009150437
09/16/2017;10:00:00;71.9650717683077
09/16/2017;11:00:00;72.932372542669
09/16/2017;12:00:00;74.301595037867
09/16/2017;13:00:00;74.3468097486172
09/16/2017;14:00:00;74.6948985623582
09/16/2017;15:00:00;74.7525888806168
09/16/2017;16:00:00;74.6589484623125
09/16/2017;17:00:00;74.8851347812011
09/16/2017;18:00:00;75.1092687874627
09/16/2017;19:00:00;74.7852627277766
09/16/2017;20:00:00;74.3703841744268
09/16/2017;21:00:00;74.7123809118882
09/16/2017;22:00:00;75.1679387948277
09/16/2017;23:00:00;74.9288488237542
09/17/2017;00:00:00;74.7576478443935
09/17/2017;01:00:00;74.6601418721872
09/17/2017;02:00:00;74.3388763157311
09/17/2017;03:00:00;74.2970831030145
09/17/2017;04:00:00;74.4736674047243
09/17/2017;05:00:00;74.2476603291864
09/17/2017;06:00:00;74.2035778464183
09/17/2017;07:00:00;74.2847615863493
09/17/2017;08:00:00;73.4335748220849
09/17/2017;09:00:00;72.6972511217464
09/17/2017;10:00:00;74.6499981660163
09/17/2017;11:00:00;74.9577417965091
09/17/2017;12:00:00;75.0112909901281
09/17/2017;13:00:00;74.8780425185233
09/17/2017;14:00:00;75.0328295017708
09/17/2017;15:00:00;73.6898666473608
09/17/2017;16:00:00;74.4815998785347
09/17/2017;17:00:00;74.9020973757826
09/17/2017;18:00:00;74.2600070113547
09/17/2017;19:00:00;73.8436770138361
09/17/2017;20:00:00;74.1730868977932
09/17/2017;21:00:00;74.2867569682276
09/17/2017;22:00:00;74.4810661730948
09/17/2017;23:00:00;74.5841205447644
09/18/2017;00:00:00;74.2398860656251
09/18/2017;01:00:00;74.2007227362695
09/18/2017;02:00:00;74.2387052901564
09/18/2017;03:00:00;73.9479877646208
09/18/2017;04:00:00;73.7477275619696
09/18/2017;05:00:00;74.4813325629775
09/18/2017;06:00:00;75.1425369503783
09/18/2017;07:00:00;73.8603174898193
09/18/2017;08:00:00;74.6412888462915
09/18/2017;09:00:00;73.988539295794
09/18/2017;10:00:00;74.2180428472944
09/18/2017;11:00:00;74.123053589032
09/18/2017;12:00:00;73.8894354732476
09/18/2017;13:00:00;74.3723371996593
09/18/2017;14:00:00;73.5785466374445
09/18/2017;15:00:00;74.4106952414759
09/18/2017;16:00:00;75.1232449694806
09/18/2017;17:00:00;74.5110307364456
09/18/2017;18:00:00;74.2429300977741
09/18/2017;19:00:00;75.4175452929764
09/18/2017;20:00:00;74.7650939332278
09/18/2017;21:00:00;75.4085758466748
09/18/2017;22:00:00;75.2188507694086
09/18/2017;23:00:00;74.882845521978
09/19/2017;00:00:00;74.9776326232302
09/19/2017;01:00:00;74.3473334318152
09/19/2017;02:00:00;74.3645101915126
09/19/2017;03:00:00;74.100625359426
09/19/2017;04:00:00;74.6080092142957
09/19/2017;05:00:00;74.6655634460079
09/19/2017;06:00:00;74.8885429014792
09/19/2017;07:00:00;74.871301219223
09/19/2017;08:00:00;74.5182899469541
09/19/2017;09:00:00;75.4775672072323
09/19/2017;10:00:00;75.1166568158106
09/19/2017;11:00:00;74.5427621955309
09/19/2017;12:00:00;74.6285178566388
09/19/2017;13:00:00;74.9109546815885
09/19/2017;14:00:00;74.7089186397857
09/19/2017;15:00:00;74.8524030322973
09/19/2017;16:00:00;74.918424824114
09/19/2017;17:00:00;75.6433450408928
09/19/2017;18:00:00;75.8751945980181
09/19/2017;19:00:00;75.6171628740551
09/19/2017;20:00:00;75.1098739127226
09/19/2017;21:00:00;75.8853921818644
09/19/2017;22:00:00;75.9563468330692
09/19/2017;23:00:00;76.3973040826119
09/20/2017;00:00:00;76.8691488891731
09/20/2017;01:00:00;76.5983407464891
09/20/2017;02:00:00;76.6465773546831
09/20/2017;03:00:00;76.6840288658546
09/20/2017;04:00:00;76.0844193027925
09/20/2017;05:00:00;76.3371505012847
09/20/2017;06:00:00;76.5547569125652
09/20/2017;07:00:00;77.1955786651138
09/20/2017;08:00:00;77.1671061248467
09/20/2017;09:00:00;78.1674652059725
09/20/2017;10:00:00;77.4387552062076
09/20/2017;11:00:00;77.4504188920815
09/20/2017;12:00:00;77.4727851457251
09/20/2017;13:00:00;77.8375237870151
09/20/2017;14:00:00;77.4307559510029
09/20/2017;15:00:00;77.7107086593666
09/20/2017;16:00:00;77.9015790624351
09/20/2017;17:00:00;77.1166138455836
09/20/2017;18:00:00;77.0854716504402
09/20/2017;19:00:00;77.0655732888099
09/20/2017;20:00:00;77.4639666798344
09/20/2017;21:00:00;77.5720784652592
09/20/2017;22:00:00;77.292317309929
09/20/2017;23:00:00;77.112992205918
09/21/2017;00:00:00;76.9105969306498
09/21/2017;01:00:00;76.7831085862177
09/21/2017;02:00:00;77.2766806802529
09/21/2017;03:00:00;77.3460895248449
09/21/2017;04:00:00;76.9885220047205
09/21/2017;05:00:00;76.8794685212022
09/21/2017;06:00:00;76.6172905780735
09/21/2017;07:00:00;76.8398716877241
09/21/2017;08:00:00;77.185716564843
09/21/2017;09:00:00;76.9794738409949
09/21/2017;10:00:00;76.8244097775538
09/21/2017;11:00:00;76.6657274294717
09/21/2017;12:00:00;76.4767191246919
09/21/2017;13:00:00;77.5099437684023
09/21/2017;14:00:00;76.8711351725328
09/21/2017;15:00:00;76.7560323301391
09/21/2017;16:00:00;76.3462424117955
09/21/2017;17:00:00;77.0318169357713
09/21/2017;18:00:00;76.9080699356331
09/21/2017;19:00:00;76.0236215392329
09/21/2017;20:00:00;76.1892676115883
09/21/2017;21:00:00;76.5768535986755
09/21/2017;22:00:00;76.8485713580416
09/21/2017;23:00:00;76.2246305815877
09/22/2017;00:00:00;76.8025058493727
09/22/2017;01:00:00;77.2426283756385
09/22/2017;02:00:00;76.8624875192962
09/22/2017;03:00:00;76.669881526876
09/22/2017;04:00:00;76.4968640890016
09/22/2017;05:00:00;76.425892671281
09/22/2017;06:00:00;76.7911909649091
09/22/2017;07:00:00;76.4895131786996
09/22/2017;08:00:00;76.5035279742253
09/22/2017;09:00:00;77.0152017027817
09/22/2017;10:00:00;77.3357941888043
09/22/2017;11:00:00;77.4110936953292
09/22/2017;12:00:00;77.131114696194
09/22/2017;13:00:00;76.8962358898618
09/22/2017;14:00:00;76.4166896674639
09/22/2017;15:00:00;75.7797829506012
09/22/2017;16:00:00;76.3978518976376
09/22/2017;17:00:00;76.45892026267
09/22/2017;18:00:00;76.5815920675676
09/22/2017;19:00:00;76.7760283789744
09/22/2017;20:00:00;77.5179007816902
09/22/2017;21:00:00;77.5783735502583
09/22/2017;22:00:00;76.4496214465177
09/22/2017;23:00:00;76.3760681894788
09/23/2017;00:00:00;76.4122308044454
09/23/2017;01:00:00;76.7436866075291
09/23/2017;02:00:00;76.3496209284623
09/23/2017;03:00:00;75.7999593064163
09/23/2017;04:00:00;75.9256476272082
09/23/2017;05:00:00;75.9849473412339
09/23/2017;06:00:00;75.6825713475354
09/23/2017;07:00:00;75.9605684150871
09/23/2017;08:00:00;76.1966816303603
09/23/2017;09:00:00;76.7777615081482
09/23/2017;10:00:00;78.7589301267151
09/23/2017;11:00:00;79.2990517345072
09/23/2017;12:00:00;79.4004508489197
09/23/2017;13:00:00;78.811376865691
09/23/2017;14:00:00;79.0801794938004
09/23/2017;15:00:00;79.028249135657
09/23/2017;16:00:00;79.0757007266754
09/23/2017;17:00:00;79.3917194368166
09/23/2017;18:00:00;79.8121250033844
09/23/2017;19:00:00;79.2843677156303
09/23/2017;20:00:00;78.5502459765514
09/23/2017;21:00:00;78.4318173593594
09/23/2017;22:00:00;78.6060712620942
09/23/2017;23:00:00;78.4368918530061
09/24/2017;00:00:00;78.5135540381769
09/24/2017;01:00:00;78.6658215032503
09/24/2017;02:00:00;78.3856758036954
09/24/2017;03:00:00;78.7313898592576
09/24/2017;04:00:00;78.8391067996883
09/24/2017;05:00:00;79.1089325118894
09/24/2017;06:00:00;79.0735942589699
09/24/2017;07:00:00;78.6301426517953
09/24/2017;08:00:00;79.2305066473377
09/24/2017;09:00:00;79.2876823420681
09/24/2017;10:00:00;79.3856882964304
09/24/2017;11:00:00;79.4448943527618
09/24/2017;12:00:00;79.0749498323232
09/24/2017;13:00:00;79.0006756578846
09/24/2017;14:00:00;78.8370014571106
09/24/2017;15:00:00;78.9355653837216
09/24/2017;16:00:00;79.0494981969483
09/24/2017;17:00:00;78.9476842135924
09/24/2017;18:00:00;79.104340336829
09/24/2017;19:00:00;78.9685858078572
09/24/2017;20:00:00;78.8738989671238
09/24/2017;21:00:00;78.5475341738602
09/24/2017;22:00:00;78.6322997310393
09/24/2017;23:00:00;78.5034492214126
09/25/2017;00:00:00;78.8198761279396
09/25/2017;01:00:00;79.158172067758
09/25/2017;02:00:00;79.3278457168009
09/25/2017;03:00:00;79.2481123641394
09/25/2017;04:00:00;79.1279759939361
09/25/2017;05:00:00;79.121288651629
09/25/2017;06:00:00;79.0280386339692
09/25/2017;07:00:00;79.0498827144317
09/25/2017;08:00:00;78.8666633107998
09/25/2017;09:00:00;78.9679019412979
09/25/2017;10:00:00;78.9813343342073
09/25/2017;11:00:00;79.0225336775632
09/25/2017;12:00:00;78.6774931738305
09/25/2017;13:00:00;78.7949550276866
09/25/2017;14:00:00;78.7852767770505
09/25/2017;15:00:00;78.7138561149245
09/25/2017;16:00:00;78.6753862055285
09/25/2017;17:00:00;78.7224475321528
09/25/2017;18:00:00;78.9756434079633
09/25/2017;19:00:00;78.9422517613074
09/25/2017;20:00:00;78.9513574622641
09/25/2017;21:00:00;78.9584746844082
09/25/2017;22:00:00;78.7839562407636
09/25/2017;23:00:00;78.6941410459998
09/26/2017;00:00:00;78.4060766013182
09/26/2017;01:00:00;78.4509551308526
09/26/2017;02:00:00;78.5518291490742
09/26/2017;03:00:00;78.6867495580333
09/26/2017;04:00:00;78.9716743756296
09/26/2017;05:00:00;78.8368016859019
09/26/2017;06:00:00;79.3201801841011
09/26/2017;07:00:00;79.6147276582122
09/26/2017;08:00:00;80.6822930949876
09/26/2017;09:00:00;80.1877229454519
09/26/2017;10:00:00;78.9099114956592
09/26/2017;11:00:00;78.8051663347135
09/26/2017;12:00:00;78.8677835699224
09/26/2017;13:00:00;78.4145883703446
09/26/2017;14:00:00;79.2354167062177
09/26/2017;15:00:00;79.4721316169678
09/26/2017;16:00:00;79.09952637765
09/26/2017;17:00:00;78.8726384477266
09/26/2017;18:00:00;79.1674644755792
09/26/2017;19:00:00;79.5005924847322
09/26/2017;20:00:00;79.5474348672804
09/26/2017;21:00:00;79.5577622734905
09/26/2017;22:00:00;79.4779457089009
09/26/2017;23:00:00;79.3527092364933
09/27/2017;00:00:00;79.490471072354
09/27/2017;01:00:00;79.5081988756899
09/27/2017;02:00:00;79.4407757966517
09/27/2017;03:00:00;79.4703414071488
09/27/2017;04:00:00;79.2954468024095
09/27/2017;05:00:00;79.2525779913827
09/27/2017;06:00:00;79.2202397503825
09/27/2017;07:00:00;79.1742192412526
09/27/2017;08:00:00;78.9285923696571
09/27/2017;09:00:00;79.276102500059
09/27/2017;10:00:00;79.1775787416447
09/27/2017;11:00:00;79.057085502381
09/27/2017;12:00:00;79.3179040235191
09/27/2017;13:00:00;79.3027171392679
09/27/2017;14:00:00;79.0571073314516
09/27/2017;15:00:00;79.1905653012915
09/27/2017;16:00:00;79.3923568862671
09/27/2017;17:00:00;79.59098319772
09/27/2017;18:00:00;79.7947137093801
09/27/2017;19:00:00;79.7325111596754
09/27/2017;20:00:00;79.5261036054306
09/27/2017;21:00:00;79.6848076889111
09/27/2017;22:00:00;79.6987340418193
09/27/2017;23:00:00;79.6975922690756
09/28/2017;00:00:00;79.4969189090758
09/28/2017;01:00:00;79.1175844204063
09/28/2017;02:00:00;79.1046218830378
09/28/2017;03:00:00;79.0055449406158
09/28/2017;04:00:00;78.8519838604214
09/28/2017;05:00:00;78.8297554431534
09/28/2017;06:00:00;78.8000546344486
09/28/2017;07:00:00;77.4019213687522
09/28/2017;08:00:00;78.4206231384245
09/28/2017;09:00:00;78.4848206950191
09/28/2017;10:00:00;78.8718846313802
09/28/2017;11:00:00;79.0967735777494
09/28/2017;12:00:00;79.1767295995265
09/28/2017;13:00:00;78.9965213927076
09/28/2017;14:00:00;79.1217080874142
09/28/2017;15:00:00;78.893925180682
09/28/2017;16:00:00;79.1741240874838
09/28/2017;17:00:00;79.1897235006282
09/28/2017;18:00:00;79.1455788972385
09/28/2017;19:00:00;79.3458808562332
09/28/2017;20:00:00;79.2787234893305
09/28/2017;21:00:00;79.2594972040932
09/28/2017;22:00:00;79.1147777947049
09/28/2017;23:00:00;79.3171302067206
09/29/2017;00:00:00;79.4315889330847
09/29/2017;01:00:00;79.488825553071
09/29/2017;02:00:00;79.9358191311349
09/29/2017;03:00:00;79.771707527773
09/29/2017;04:00:00;79.5171339786668
09/29/2017;05:00:00;79.2233686516153
09/29/2017;06:00:00;79.5843582225491
09/29/2017;07:00:00;79.2416044926553
09/29/2017;08:00:00;79.216711645702
09/29/2017;09:00:00;79.4239270885732
09/29/2017;10:00:00;79.5704067186807
09/29/2017;11:00:00;80.0456338085165
09/29/2017;12:00:00;80.0870143913179
09/29/2017;13:00:00;79.8069676354416
09/29/2017;14:00:00;79.7320317400508
09/29/2017;15:00:00;79.781093820483
09/29/2017;16:00:00;79.7974863249462
09/29/2017;17:00:00;79.7949095540216
09/29/2017;18:00:00;79.6937694489501
09/29/2017;19:00:00;79.7609607922618
09/29/2017;20:00:00;80.0876215102642
09/29/2017;21:00:00;80.3350611899213
09/29/2017;22:00:00;80.0697823458641
09/29/2017;23:00:00;79.6470788434708
09/30/2017;00:00:00;79.7862437578178
09/30/2017;01:00:00;79.7806533551184
09/30/2017;02:00:00;79.9452489373987
09/30/2017;03:00:00;79.9810618665641
09/30/2017;04:00:00;79.7894086489471
09/30/2017;05:00:00;79.0358676850221
09/30/2017;06:00:00;78.2714671277308
09/30/2017;07:00:00;78.0000743003768
09/30/2017;08:00:00;76.7755798666717
09/30/2017;09:00:00;77.2188819080356
09/30/2017;10:00:00;78.3987052927257
09/30/2017;11:00:00;78.284838013829
09/30/2017;12:00:00;78.4912659117322
09/30/2017;13:00:00;78.4003211040595
09/30/2017;14:00:00;78.0244106903089
09/30/2017;15:00:00;77.8534254973054
09/30/2017;16:00:00;77.7311148503082
09/30/2017;17:00:00;78.2404328549907
09/30/2017;18:00:00;78.0116695508294
09/30/2017;19:00:00;77.1221296437673
09/30/2017;20:00:00;77.0403629375418
09/30/2017;21:00:00;76.8562880461933
09/30/2017;22:00:00;76.7642424406831
09/30/2017;23:00:00;76.1212131934745
10/01/2017;00:00:00;75.0352076702422
10/01/2017;01:00:00;73.9849954312418
10/01/2017;02:00:00;72.7214965455707
10/01/2017;03:00:00;71.7555600351875
10/01/2017;04:00:00;71.7562227418323
10/01/2017;05:00:00;71.7085417034987
10/01/2017;06:00:00;71.250748728635
10/01/2017;07:00:00;71.493296052064
10/01/2017;08:00:00;71.0346971812629
10/01/2017;09:00:00;71.332078621169
10/01/2017;10:00:00;70.9825700284273
10/01/2017;11:00:00;71.1393787835253
10/01/2017;12:00:00;71.1498486326387
10/01/2017;13:00:00;71.2202216777367
10/01/2017;14:00:00;71.42844196201
10/01/2017;15:00:00;71.3206308627954
10/01/2017;16:00:00;71.3172069525957
10/01/2017;17:00:00;71.2503170713583
10/01/2017;18:00:00;71.6427465177249
10/01/2017;19:00:00;71.4344928687476
10/01/2017;20:00:00;71.3523491881637
10/01/2017;21:00:00;71.3339819726021
10/01/2017;22:00:00;71.2928317634561
10/01/2017;23:00:00;71.2400750932879
10/02/2017;00:00:00;71.1774728842594
10/02/2017;01:00:00;71.1845998584539
10/02/2017;02:00:00;71.2954277073291
10/02/2017;03:00:00;71.2217852260235
10/02/2017;04:00:00;71.2626399171183
10/02/2017;05:00:00;71.2067805708657
10/02/2017;06:00:00;71.3584237416041
10/02/2017;07:00:00;71.1932424625321
10/02/2017;08:00:00;71.3410972267242
10/02/2017;09:00:00;71.3671943894103
10/02/2017;10:00:00;70.9799300008081
10/02/2017;11:00:00;71.0671002774603
10/02/2017;12:00:00;70.7807406877991
10/02/2017;13:00:00;70.9139915924727
10/02/2017;14:00:00;70.9557741201131
10/02/2017;15:00:00;71.3643052288058
10/02/2017;16:00:00;71.3555906924765
10/02/2017;17:00:00;71.4996508872466
10/02/2017;18:00:00;71.3747848835022
10/02/2017;19:00:00;71.5099856146139
10/02/2017;20:00:00;71.4177497051519
10/02/2017;21:00:00;71.4370168767494
10/02/2017;22:00:00;71.4375538598043
10/02/2017;23:00:00;71.2359075759494
10/03/2017;00:00:00;70.7263438550379
10/03/2017;01:00:00;70.5919958067968
10/03/2017;02:00:00;70.5062461059135
10/03/2017;03:00:00;70.7377117761584
10/03/2017;04:00:00;70.5056531966467
10/03/2017;05:00:00;70.5509361831163
10/03/2017;06:00:00;70.5857012164694
10/03/2017;07:00:00;70.6572012045895
10/03/2017;08:00:00;70.971029510769
10/03/2017;09:00:00;70.9110432192725
10/03/2017;10:00:00;70.9135566902399
10/03/2017;11:00:00;70.9856025347436
10/03/2017;12:00:00;70.971417214187
10/03/2017;13:00:00;70.9611491861319
10/03/2017;14:00:00;70.9831153795024
10/03/2017;15:00:00;71.0217492513935
10/03/2017;16:00:00;71.1401397254994
10/03/2017;17:00:00;71.061975449055
10/03/2017;18:00:00;71.3407193033341
10/03/2017;19:00:00;70.8930901072932
10/03/2017;20:00:00;71.0290447326877
10/03/2017;21:00:00;70.9114953840314
10/03/2017;22:00:00;71.1113591788328
10/03/2017;23:00:00;71.059796104487
10/04/2017;00:00:00;71.0623870343638
10/04/2017;01:00:00;71.0692742290564
10/04/2017;02:00:00;71.2013154039331
10/04/2017;03:00:00;71.1015681154275
10/04/2017;04:00:00;71.0643513851603
10/04/2017;05:00:00;70.9389654063346
10/04/2017;06:00:00;70.9020214321133
10/04/2017;07:00:00;71.2681342153724
10/04/2017;08:00:00;70.9188165624175
10/04/2017;09:00:00;70.9740193259868
10/04/2017;10:00:00;71.3925903658094
10/04/2017;11:00:00;71.1187516511602
10/04/2017;12:00:00;71.1526209423771
10/04/2017;13:00:00;71.261842875701
10/04/2017;14:00:00;71.065080335131
10/04/2017;15:00:00;70.9928283087499
10/04/2017;16:00:00;70.671573049945
10/04/2017;17:00:00;71.0551725023679
10/04/2017;18:00:00;70.9311939851475
10/04/2017;19:00:00;70.7308054904703
10/04/2017;20:00:00;70.9193204311353
10/04/2017;21:00:00;70.8650002455701
10/04/2017;22:00:00;70.7246134129526
10/04/2017;23:00:00;70.7378162913671
10/05/2017;00:00:00;70.749857357821
10/05/2017;01:00:00;71.0449652123306
10/05/2017;02:00:00;70.9108540482984
10/05/2017;03:00:00;70.8911793762802
10/05/2017;04:00:00;70.8228302331593
10/05/2017;05:00:00;70.0686972784857
10/05/2017;06:00:00;70.2066081669655
10/05/2017;07:00:00;69.9385149800444
10/05/2017;08:00:00;70.3478487505729
10/05/2017;09:00:00;70.2226897627979
10/05/2017;10:00:00;70.036849776426
10/05/2017;11:00:00;70.3072234114711
10/05/2017;12:00:00;70.2108380814848
10/05/2017;13:00:00;70.1627130047417
10/05/2017;14:00:00;70.1358892654914
10/05/2017;15:00:00;70.2944467916242
10/05/2017;16:00:00;70.2305222138377
10/05/2017;17:00:00;70.1084859878115
10/05/2017;18:00:00;70.3567768749332
10/05/2017;19:00:00;70.229834170681
10/05/2017;20:00:00;69.9539251510905
10/05/2017;21:00:00;70.139564335773
10/05/2017;22:00:00;70.1379571578941
10/05/2017;23:00:00;69.8648120195447
10/06/2017;00:00:00;69.7889993267652
10/06/2017;01:00:00;70.0232335400257
10/06/2017;02:00:00;69.6661120645953
10/06/2017;03:00:00;70.4973274149252
10/06/2017;04:00:00;70.0315913794644
10/06/2017;05:00:00;70.1667849637269
10/06/2017;06:00:00;70.1337568445672
10/06/2017;07:00:00;70.1674971172897
10/06/2017;08:00:00;70.4461334867953
10/06/2017;09:00:00;70.5013594327936
10/06/2017;10:00:00;70.101536724335
10/06/2017;11:00:00;70.2550901742708
10/06/2017;12:00:00;70.2563565894625
10/06/2017;13:00:00;70.35284254037
10/06/2017;14:00:00;70.1024331439176
10/06/2017;15:00:00;70.3100489330361
10/06/2017;16:00:00;70.4318205858484
10/06/2017;17:00:00;70.5948561749092
10/06/2017;18:00:00;70.3997516589984
10/06/2017;19:00:00;70.5330995411551
10/06/2017;20:00:00;70.3864160884254
10/06/2017;21:00:00;70.6277347791022
10/06/2017;22:00:00;70.3460467343069
10/06/2017;23:00:00;70.5975675466068
10/07/2017;00:00:00;70.2038285103761
10/07/2017;01:00:00;70.1965112846192
10/07/2017;02:00:00;70.3668134316168
10/07/2017;03:00:00;70.6614941232961
10/07/2017;04:00:00;70.5427821371123
10/07/2017;05:00:00;71.2117645310352
10/07/2017;06:00:00;70.7464749925933
10/07/2017;07:00:00;70.9644740984667
10/07/2017;08:00:00;70.8602638257682
10/07/2017;09:00:00;70.6464017043258
10/07/2017;10:00:00;70.6722103219914
10/07/2017;11:00:00;70.4671307783407
10/07/2017;12:00:00;70.5772306652955
10/07/2017;13:00:00;70.4161197856714
10/07/2017;14:00:00;70.5747082000575
10/07/2017;15:00:00;70.516456386961
10/07/2017;16:00:00;70.5696198487209
10/07/2017;17:00:00;70.456612487834
10/07/2017;18:00:00;70.3007489231035
10/07/2017;19:00:00;70.4765381854229
10/07/2017;20:00:00;70.3947183556181
10/07/2017;21:00:00;70.3812775780078
10/07/2017;22:00:00;70.350928875022
10/07/2017;23:00:00;70.3035008451338
10/08/2017;00:00:00;70.3664489929846
10/08/2017;01:00:00;70.1417543110009
10/08/2017;02:00:00;70.000928417767
10/08/2017;03:00:00;70.1180051322107
10/08/2017;04:00:00;69.7853369744752
10/08/2017;05:00:00;69.990689461223
10/08/2017;06:00:00;70.0413084111063
10/08/2017;07:00:00;69.9936363184221
10/08/2017;08:00:00;70.086140761293
10/08/2017;09:00:00;69.0556086080441
10/08/2017;10:00:00;69.2764150217066
10/08/2017;11:00:00;70.6754225356335
10/08/2017;12:00:00;71.2023021044047
10/08/2017;13:00:00;70.9359260941917
10/08/2017;14:00:00;70.5642822265776
10/08/2017;15:00:00;70.2029573677076
10/08/2017;16:00:00;70.6545348830383
10/08/2017;17:00:00;70.9849471251891
10/08/2017;18:00:00;70.925198234301
10/08/2017;19:00:00;71.0746028114638
10/08/2017;20:00:00;71.3372298396544
10/08/2017;21:00:00;71.2420540152128
10/08/2017;22:00:00;71.4648433602752
10/08/2017;23:00:00;70.9740932960981
10/09/2017;00:00:00;70.8460658541094
10/09/2017;01:00:00;71.0155709591741
10/09/2017;02:00:00;70.5224135757638
10/09/2017;03:00:00;70.5421090847465
10/09/2017;04:00:00;70.8923043499339
10/09/2017;05:00:00;70.7868101369947
10/09/2017;06:00:00;70.6144367213695
10/09/2017;07:00:00;70.7657791843947
10/09/2017;08:00:00;70.723017896262
10/09/2017;09:00:00;70.6938257854478
10/09/2017;10:00:00;70.7109364524537
10/09/2017;11:00:00;70.89923672598
10/09/2017;12:00:00;70.3714771374895
10/09/2017;13:00:00;70.6061037716648
10/09/2017;14:00:00;70.9343654256226
10/09/2017;15:00:00;70.5014922307043
10/09/2017;16:00:00;70.1334765433925
10/09/2017;17:00:00;70.6223171355869
10/09/2017;18:00:00;70.5002991857104
10/09/2017;19:00:00;70.7027466760063
10/09/2017;20:00:00;70.6991019222008
10/09/2017;21:00:00;70.7691688111117
10/09/2017;22:00:00;70.7631287341099
10/09/2017;23:00:00;70.6715660131193
10/10/2017;00:00:00;70.7187700591502
10/10/2017;01:00:00;70.8730032721254
10/10/2017;02:00:00;70.5913488074956
10/10/2017;03:00:00;70.8794537320341
10/10/2017;04:00:00;70.6744201268019
10/10/2017;05:00:00;70.9727785512409
10/10/2017;06:00:00;70.58228549968
10/10/2017;07:00:00;70.8005692054493
10/10/2017;08:00:00;70.8865842910641
10/10/2017;09:00:00;70.9432117156443
10/10/2017;10:00:00;71.0875242146974
10/10/2017;11:00:00;70.558625691191
10/10/2017;12:00:00;70.7754329832579
10/10/2017;13:00:00;71.1136678032323
10/10/2017;14:00:00;70.7330645817934
10/10/2017;15:00:00;70.549732135196
10/10/2017;16:00:00;71.0158769873791
10/10/2017;17:00:00;70.7336806500188
10/10/2017;18:00:00;70.8468515948077
10/10/2017;19:00:00;71.0914244023943
10/10/2017;20:00:00;71.0390977121253
10/10/2017;21:00:00;71.3793897382918
10/10/2017;22:00:00;73.0387380379276
10/10/2017;23:00:00;75.0124201609028
10/11/2017;00:00:00;76.2270497635386
10/11/2017;01:00:00;76.2477581602266
10/11/2017;02:00:00;76.9538443655057
10/11/2017;03:00:00;76.8868405283577
10/11/2017;04:00:00;76.9408746306911
10/11/2017;05:00:00;77.0740553493933
10/11/2017;06:00:00;77.1056777189572
10/11/2017;07:00:00;76.9316213832908
10/11/2017;08:00:00;76.6241100948693
10/11/2017;09:00:00;75.7747419682802
10/11/2017;10:00:00;75.3006013069712
10/11/2017;11:00:00;75.6071678948005
10/11/2017;12:00:00;77.0401775806689
10/11/2017;13:00:00;77.0103607004074
10/11/2017;14:00:00;76.9852240945595
10/11/2017;15:00:00;77.339718934228
10/11/2017;16:00:00;77.4353510403119
10/11/2017;17:00:00;77.3590404229612
10/11/2017;18:00:00;77.6157189755101
10/11/2017;19:00:00;77.6393532471254
10/11/2017;20:00:00;77.8161858562976
10/11/2017;21:00:00;77.6653781982056
10/11/2017;22:00:00;77.7456712961239
10/11/2017;23:00:00;77.5243237141012
10/12/2017;00:00:00;77.2867307000758
10/12/2017;01:00:00;77.3770549139298
10/12/2017;02:00:00;77.1035141153647
10/12/2017;03:00:00;77.1733027316162
10/12/2017;04:00:00;77.2370938431734
10/12/2017;05:00:00;77.2459714484451
10/12/2017;06:00:00;77.1135681216315
10/12/2017;07:00:00;77.9458147297879
10/12/2017;08:00:00;79.7928870656322
10/12/2017;09:00:00;80.3157123908805
10/12/2017;10:00:00;80.2708841330686
10/12/2017;11:00:00;80.5038283729864
10/12/2017;12:00:00;80.6621329384979
10/12/2017;13:00:00;79.3758657730811
10/12/2017;14:00:00;79.6306464595447
10/12/2017;15:00:00;79.7494093334203
10/12/2017;16:00:00;80.0734396063256
10/12/2017;17:00:00;79.7005302953418
10/12/2017;18:00:00;79.8950654033534
10/12/2017;19:00:00;80.0202149322534
10/12/2017;20:00:00;79.0784739871984
10/12/2017;21:00:00;80.0980107515014
10/12/2017;22:00:00;79.672444858723
10/12/2017;23:00:00;78.8682232000915
10/13/2017;00:00:00;80.4867672001199
10/13/2017;01:00:00;79.8388187200377
10/13/2017;02:00:00;79.7973373737371
10/13/2017;03:00:00;80.161513415766
10/13/2017;04:00:00;80.0318758133654
10/13/2017;05:00:00;79.9122765478622
10/13/2017;06:00:00;80.0372287217604
10/13/2017;07:00:00;79.7014383282065
10/13/2017;08:00:00;79.8300446653734
10/13/2017;09:00:00;79.4101585073278
10/13/2017;10:00:00;79.4040943722784
10/13/2017;11:00:00;79.207637640722
10/13/2017;12:00:00;79.7462188564285
10/13/2017;13:00:00;79.5040596898159
10/13/2017;14:00:00;79.8113717518057
10/13/2017;15:00:00;79.9175277211916
10/13/2017;16:00:00;80.1973063444947
10/13/2017;17:00:00;80.0430624086103
10/13/2017;18:00:00;80.0260518326418
10/13/2017;19:00:00;80.0364393563243
10/13/2017;20:00:00;79.9756824121556
10/13/2017;21:00:00;79.9142482928398
10/13/2017;22:00:00;79.8466522095155
10/13/2017;23:00:00;79.9755403552792
10/14/2017;00:00:00;79.8788668191924
10/14/2017;01:00:00;79.6247977106133
10/14/2017;02:00:00;79.8835826988451
10/14/2017;03:00:00;79.5149471998197
10/14/2017;04:00:00;79.3329260945007
10/14/2017;05:00:00;79.3288688757674
10/14/2017;06:00:00;79.5170801941991
10/14/2017;07:00:00;79.1246433958453
10/14/2017;08:00:00;77.8797562800906
10/14/2017;09:00:00;76.8771334367074
10/14/2017;10:00:00;76.8642012778564
10/14/2017;11:00:00;78.0015013093238
10/14/2017;12:00:00;78.8067613895015
10/14/2017;13:00:00;78.7379010815419
10/14/2017;14:00:00;79.5291563201938
10/14/2017;15:00:00;79.174813654439
10/14/2017;16:00:00;79.0681671321167
10/14/2017;17:00:00;78.8333259933861
10/14/2017;18:00:00;79.4085309050257
10/14/2017;19:00:00;78.9558523322245
10/14/2017;20:00:00;79.3286477781583
10/14/2017;21:00:00;79.8303954040282
10/14/2017;22:00:00;79.4154221517017
10/14/2017;23:00:00;79.6106196779727
10/15/2017;00:00:00;79.7729683227111
10/15/2017;01:00:00;79.784210866029
10/15/2017;02:00:00;80.4017706234962
10/15/2017;03:00:00;79.8679166767923
10/15/2017;04:00:00;79.8851683626661
10/15/2017;05:00:00;80.2484278973812
10/15/2017;06:00:00;79.9152781459061
10/15/2017;07:00:00;80.2924330073698
10/15/2017;08:00:00;80.1284556525685
10/15/2017;09:00:00;79.885634940341
10/15/2017;10:00:00;80.0591818970396
10/15/2017;11:00:00;80.0725765857467
10/15/2017;12:00:00;79.9662258296247
10/15/2017;13:00:00;80.7149346214341
10/15/2017;14:00:00;80.4461675330981
10/15/2017;15:00:00;80.531021610324
10/15/2017;16:00:00;80.7544114725825
10/15/2017;17:00:00;80.865330336094
10/15/2017;18:00:00;80.7231731983704
10/15/2017;19:00:00;80.719485743242
10/15/2017;20:00:00;80.970567793483
10/15/2017;21:00:00;80.6581191397578
10/15/2017;22:00:00;80.5659571749576
10/15/2017;23:00:00;80.6138777998523
10/16/2017;00:00:00;80.7067441938921
10/16/2017;01:00:00;80.7395332688794
10/16/2017;02:00:00;80.8511765026069
10/16/2017;03:00:00;80.6117934096851
10/16/2017;04:00:00;80.6303551509821
10/16/2017;05:00:00;80.6129912450816
10/16/2017;06:00:00;80.8485681319382
10/16/2017;07:00:00;80.7890262405977
10/16/2017;08:00:00;80.6425988503074
10/16/2017;09:00:00;80.6388735806418
10/16/2017;10:00:00;81.7955776399926
10/16/2017;11:00:00;83.434384633332
10/16/2017;12:00:00;83.6073922293393
10/16/2017;13:00:00;83.4613690878627
10/16/2017;14:00:00;83.6679951639195
10/16/2017;15:00:00;79.1476022152001
10/16/2017;16:00:00;77.4187328392565
10/16/2017;17:00:00;77.0949546415141
10/16/2017;18:00:00;76.327325605819
10/16/2017;19:00:00;75.1348536759457
10/16/2017;20:00:00;75.0401795363627
10/16/2017;21:00:00;75.7751969319126
10/16/2017;22:00:00;75.2281753868325
10/16/2017;23:00:00;75.2193333543668
10/17/2017;00:00:00;75.396752676859
10/17/2017;01:00:00;75.3202334645866
10/17/2017;02:00:00;75.2624037434272
10/17/2017;03:00:00;75.3945421535556
10/17/2017;04:00:00;75.4256025567902
10/17/2017;05:00:00;75.3170186640333
10/17/2017;06:00:00;75.4889370035486
10/17/2017;07:00:00;75.693395986664
10/17/2017;08:00:00;75.4607135993158
10/17/2017;09:00:00;75.3851164334717
10/17/2017;10:00:00;75.3143371809214
10/17/2017;11:00:00;75.394967456025
10/17/2017;12:00:00;75.3072449391003
10/17/2017;13:00:00;75.2997444427142
10/17/2017;14:00:00;75.4724966190889
10/17/2017;15:00:00;75.5007016788915
10/17/2017;16:00:00;75.4648714354323
10/17/2017;17:00:00;75.2971475257765
10/17/2017;18:00:00;75.4190577092562
10/17/2017;19:00:00;75.2943516731372
10/17/2017;20:00:00;75.2028037209185
10/17/2017;21:00:00;75.4483459897402
10/17/2017;22:00:00;75.0650418774523
10/17/2017;23:00:00;75.40336359359
10/18/2017;00:00:00;75.2713167441352
10/18/2017;01:00:00;75.5025338612213
10/18/2017;02:00:00;75.2388365831522
10/18/2017;03:00:00;75.0277724197104
10/18/2017;04:00:00;75.1754200180704
10/18/2017;05:00:00;75.004372528361
10/18/2017;06:00:00;75.0599226866198
10/18/2017;07:00:00;75.3460200066258
10/18/2017;08:00:00;75.5423857190935
10/18/2017;09:00:00;75.1989652368084
10/18/2017;10:00:00;75.273297871415
10/18/2017;11:00:00;75.6156188844115
10/18/2017;12:00:00;75.59024924008
10/18/2017;13:00:00;75.8454383192292
10/18/2017;14:00:00;75.7207440878797
10/18/2017;15:00:00;75.7213693687662
10/18/2017;16:00:00;75.9304233304362
10/18/2017;17:00:00;76.0143444830573
10/18/2017;18:00:00;75.5633687215085
10/18/2017;19:00:00;75.6214492426423
10/18/2017;20:00:00;75.8569701072647
10/18/2017;21:00:00;75.6436460729929
10/18/2017;22:00:00;75.588584501797
10/18/2017;23:00:00;75.2366767633067
10/19/2017;00:00:00;75.6206505347603
10/19/2017;01:00:00;75.4998394515657
10/19/2017;02:00:00;75.5572975018429
10/19/2017;03:00:00;75.5165828480072
10/19/2017;04:00:00;75.6785275469035
10/19/2017;05:00:00;75.5741220201681
10/19/2017;06:00:00;75.9250431134731
10/19/2017;07:00:00;75.5400697875002
10/19/2017;08:00:00;74.9600265443899
10/19/2017;09:00:00;75.0030997083899
10/19/2017;10:00:00;74.9683629914948
10/19/2017;11:00:00;74.9827223334714
10/19/2017;12:00:00;74.8768870326796
10/19/2017;13:00:00;74.9479492162943
10/19/2017;14:00:00;74.9861295539445
10/19/2017;15:00:00;74.9970070393452
10/19/2017;16:00:00;74.9236612655117
10/19/2017;17:00:00;75.3134969525224
10/19/2017;18:00:00;75.1009998314263
10/19/2017;19:00:00;74.8711861775495
10/19/2017;20:00:00;75.03647003792
10/19/2017;21:00:00;75.1635415225569
10/19/2017;22:00:00;75.1012671458072
10/19/2017;23:00:00;74.9127210182576
10/20/2017;00:00:00;74.9121608104432
10/20/2017;01:00:00;74.943228206328
10/20/2017;02:00:00;74.8431776876988
10/20/2017;03:00:00;74.8845429582608
10/20/2017;04:00:00;75.0023399703326
10/20/2017;05:00:00;74.8091491202706
10/20/2017;06:00:00;74.9387009606244
10/20/2017;07:00:00;75.0233560605147
10/20/2017;08:00:00;75.0581237294199
10/20/2017;09:00:00;75.0938368509557
10/20/2017;10:00:00;75.1647342665489
10/20/2017;11:00:00;75.081109319746
10/20/2017;12:00:00;75.0287951213003
10/20/2017;13:00:00;75.095896117236
10/20/2017;14:00:00;74.8737632046555
10/20/2017;15:00:00;74.6069025878869
10/20/2017;16:00:00;74.8804386409841
10/20/2017;17:00:00;74.7121779097017
10/20/2017;18:00:00;74.773394335941
10/20/2017;19:00:00;74.7391518796792
10/20/2017;20:00:00;74.5988770211338
10/20/2017;21:00:00;74.7160921360306
10/20/2017;22:00:00;74.6383276654246
10/20/2017;23:00:00;74.7824058635535
10/21/2017;00:00:00;74.8049699833349
10/21/2017;01:00:00;74.8798245481133
10/21/2017;02:00:00;75.1137945405603
10/21/2017;03:00:00;74.7955609046007
10/21/2017;04:00:00;74.8661655953285
10/21/2017;05:00:00;75.0257190903357
10/21/2017;06:00:00;74.994884640671
10/21/2017;07:00:00;75.0377038465739
10/21/2017;08:00:00;75.050400943206
10/21/2017;09:00:00;75.0223059055721
10/21/2017;10:00:00;75.0390490707053
10/21/2017;11:00:00;75.0544268567825
10/21/2017;12:00:00;74.9585326809666
10/21/2017;13:00:00;75.020272506757
10/21/2017;14:00:00;75.1558139971051
10/21/2017;15:00:00;75.0816003957933
10/21/2017;16:00:00;75.1652616582431
10/21/2017;17:00:00;75.1883325163626
10/21/2017;18:00:00;75.0947201634823
10/21/2017;19:00:00;75.130835964669
10/21/2017;20:00:00;75.2361391451107
10/21/2017;21:00:00;75.2285886902499
10/21/2017;22:00:00;75.0626260159572
10/21/2017;23:00:00;75.5430036455576
10/22/2017;00:00:00;75.6782563869167
10/22/2017;01:00:00;75.730612773858
10/22/2017;02:00:00;75.7343670895897
10/22/2017;03:00:00;75.8015974592324
10/22/2017;04:00:00;75.7032320741587
10/22/2017;05:00:00;75.5344604166399
10/22/2017;06:00:00;75.6440676295416
10/22/2017;07:00:00;75.4009313660551
10/22/2017;08:00:00;75.6827772287778
10/22/2017;09:00:00;75.8553896227852
10/22/2017;10:00:00;75.6945958896304
10/22/2017;11:00:00;75.4308494063062
10/22/2017;12:00:00;75.3502663637732
10/22/2017;13:00:00;75.3686245734496
10/22/2017;14:00:00;75.300065151033
10/22/2017;15:00:00;75.3053754989573
10/22/2017;16:00:00;75.2954641832982
10/22/2017;17:00:00;75.228491170587
10/22/2017;18:00:00;75.190068493794
10/22/2017;19:00:00;75.3559834758517
10/22/2017;20:00:00;75.5339655717812
10/22/2017;21:00:00;75.5904122249492
10/22/2017;22:00:00;75.5074479906454
10/22/2017;23:00:00;75.3927696326563
10/23/2017;00:00:00;75.3965118256676
10/23/2017;01:00:00;75.5248036031975
10/23/2017;02:00:00;75.6140048105829
10/23/2017;03:00:00;75.6116629979825
10/23/2017;04:00:00;75.4270764916588
10/23/2017;05:00:00;75.5785247279708
10/23/2017;06:00:00;75.505182113762
10/23/2017;07:00:00;75.4368048991963
10/23/2017;08:00:00;75.4981700848123
10/23/2017;09:00:00;75.5393719610373
10/23/2017;10:00:00;75.6719373105967
10/23/2017;11:00:00;75.5178439220068
10/23/2017;12:00:00;75.5428480982606
10/23/2017;13:00:00;75.5683023122409
10/23/2017;14:00:00;75.0256091482541
10/23/2017;15:00:00;75.6731250647137
10/23/2017;16:00:00;75.5803063550557
10/23/2017;17:00:00;75.7099569166779
10/23/2017;18:00:00;75.4297116796349
10/23/2017;19:00:00;75.6586744738636
10/23/2017;20:00:00;75.7418672268658
10/23/2017;21:00:00;75.4830079163205
10/23/2017;22:00:00;75.7418384662718
10/23/2017;23:00:00;75.8402234490701
10/24/2017;00:00:00;75.6261963932945
10/24/2017;01:00:00;75.6315345797505
10/24/2017;02:00:00;75.6087327647444
10/24/2017;03:00:00;75.6180749627984
10/24/2017;04:00:00;75.6346395402002
10/24/2017;05:00:00;75.6759684230418
10/24/2017;06:00:00;75.8173950019925
10/24/2017;07:00:00;75.3493963743474
10/24/2017;08:00:00;75.6206123866116
10/24/2017;09:00:00;75.4786451249451
10/24/2017;10:00:00;75.3543218697472
10/24/2017;11:00:00;75.192120389026
10/24/2017;12:00:00;75.3107116792388
10/24/2017;13:00:00;74.8484436192086
10/24/2017;14:00:00;74.5454318260623
10/24/2017;15:00:00;74.9792565005934
10/24/2017;16:00:00;75.2216447672817
10/24/2017;17:00:00;75.0364096221575
10/24/2017;18:00:00;75.0186893717407
10/24/2017;19:00:00;75.3607082496658
10/24/2017;20:00:00;74.8007801572482
10/24/2017;21:00:00;74.8915270953862
10/24/2017;22:00:00;75.0345045266069
10/24/2017;23:00:00;74.8912370329077
10/25/2017;00:00:00;74.997736446142
10/25/2017;01:00:00;74.9031153477034
10/25/2017;02:00:00;74.9197330829345
10/25/2017;03:00:00;74.8776936611066
10/25/2017;04:00:00;74.8542759060585
10/25/2017;05:00:00;74.7869894513496
10/25/2017;06:00:00;74.7215999621487
10/25/2017;07:00:00;74.9772122207816
10/25/2017;08:00:00;74.8828237497492
10/25/2017;09:00:00;73.3545497533369
10/25/2017;10:00:00;75.4901492742387
10/25/2017;11:00:00;75.1075604723989
10/25/2017;12:00:00;74.936021593607
10/25/2017;13:00:00;75.2153430216885
10/25/2017;14:00:00;75.0814385857465
10/25/2017;15:00:00;75.4561826574249
10/25/2017;16:00:00;75.2274222143743
10/25/2017;17:00:00;75.1723473566036
10/25/2017;18:00:00;75.165056594831
10/25/2017;19:00:00;75.1735061856269
10/25/2017;20:00:00;75.3911407915563
10/25/2017;21:00:00;75.1315705429156
